,0,1,2,3,4,5,6,7,8,9,10,11,12,13,14,15,16,17,18,19,20,21,22,23,24,25,26,27,28,29,30,31,32,33,34,35,36,37,38,39,40,41,42,43,44,45,46,47,48,49
0,1.9272097098258314,1.8858634762069801,1.7325943129234638,1.890543291497976,1.9616563483012621,1.9105308387178406,1.8103551120634158,1.8748657428760986,1.7162698104132321,1.8260143990219966,1.9029860146698545,1.8307207948095758,1.93215427878937,1.8262892280525485,1.9099388337583543,1.9261773410380663,1.8309477713316014,1.7496851885171973,2.0608968405368167,1.9645661472488207,1.9669440803984326,1.8558456404251729,1.7860278394573594,1.8314611796324307,1.8514238014128992,1.8859755804885179,1.8232620706768063,1.7930339051358501,1.899286431564791,1.789320036851557,1.7811588092695825,1.9071454569383839,1.779642336560686,1.6662358366571652,1.8219236099857836,1.8276770605835324,1.81942158052302,1.9147846133404354,1.7840437669712288,2.048271885864424,2.0111807670172333,1.8167235718222212,2.004608298673304,1.7863392551336084,1.7986202565313345,1.7994594233178596,1.7946223861639652,1.8896880977183983,1.887221834254369,1.8705210058866033
1,2.36467487132761,2.3907671410224633,2.3185934417431575,2.418573159772528,2.430336121440601,2.4369582905453075,2.4045318842034025,2.446698099581078,2.366144270933521,2.420099873396854,2.31127648950094,2.440576458428314,2.421566478963711,2.417196320440963,2.4138351300269925,2.452773502901865,2.3842463018761126,2.3511476787875654,2.482234549686339,2.482052523299478,2.4407279154775026,2.3774289014803145,2.408828510377159,2.4653034795430493,2.4523089678358048,2.378321075003691,2.3844962495887234,2.4434904280761067,2.3975384170424974,2.3791947634648256,2.37616704547505,2.4701928822605552,2.338238976481497,2.2802264406460377,2.421909855848419,2.424430510126655,2.4237478303792237,2.3932886882455113,2.3812236822480024,2.436045772188945,2.4228350244698404,2.401306272087032,2.5213209396255216,2.40994591388219,2.4098235662017586,2.4281163231576466,2.440415037551329,2.3936728494903905,2.456558574699718,2.419578558551523
2,2.3100616468713535,2.354911712545361,2.304179277530924,2.352844562213904,2.352046732034765,2.3654244034600085,2.3436196927475343,2.3497343100366352,2.409737426791544,2.3625922775802213,2.3262142161376707,2.307483172183007,2.3592208491323645,2.338397946077623,2.3914810782865654,2.3475542712762314,2.365420573410944,2.3437747632577723,2.551637142819189,2.6180286269817783,2.3879000132406656,2.3099004035274433,2.349995028605676,2.332248756024164,2.379067977259279,2.318982416566378,2.340134088907726,2.464423021684606,2.3649794777649245,2.3512887104258935,2.276090534218289,2.4839121469689225,2.3292897310742475,2.3826508309770986,2.3953616729137552,2.4025064769313236,2.4745005228443926,2.405426066936675,2.374496147504775,2.355757702673688,2.3964105880200393,2.3928630022873936,2.3851097437009194,2.4236014831448287,2.335664783291273,2.410613258880467,2.4096353041511227,2.3873735479158293,2.4724690028202603,2.460657485893167
3,1.7445328095880033,1.7208545305450311,1.913444219439409,1.8383715508097342,1.8151593887974413,1.812166859490361,1.7758059469118006,1.9010980747038762,1.787748968744605,2.015356214280935,1.7823646830458197,1.860824625073981,1.8780376612276415,1.8578228386946245,1.7900480126284606,1.8636562909255985,1.8436321546782128,1.8858248070029666,2.0998750378329767,1.8501678493203686,1.8497701964258226,1.9986125953990008,1.8050792226623606,1.8709044322431332,1.8456717625725823,2.011412203057004,1.7601166222923892,2.267763123371438,1.909111759347434,1.8612663262640434,1.9138442142735492,1.833248172480026,1.844072431431158,1.7702453938648,1.8628520574539111,1.8681729735690222,1.8427362978719195,1.8557826721932216,1.8737348352143277,1.8751213566704736,2.354305439311659,1.8005652712745626,2.2529307195596395,1.8484360449983352,2.067598941789173,1.9213870340828523,1.9792935562483018,1.7793409605345758,1.902105912124847,1.8687683290162305
4,2.5800889752492306,2.308373573624049,2.587817445501095,2.5959736398265267,2.5718048713670054,2.5196809739744435,2.111065292898923,2.5797455052125122,2.2366617431801616,2.3540244715872447,2.5033952494814393,2.5950324724889775,2.566418837213928,2.596513301015574,2.5637835267238747,2.5952807431113722,2.5691972966058305,2.5232938766073523,2.591964658905489,2.4804189827692626,2.5983031246199797,2.602650029441678,2.3057432829079927,2.594767740695824,2.578348307748305,2.294393449863546,2.530990309004975,2.5751868625008996,2.6417426236566577,2.624120578443927,2.642631320061355,2.6123630394837534,2.6068726651534853,2.1543625387972494,2.542468326605409,2.688514197981835,2.511944776622382,2.244781921606389,2.534742207290056,2.589497891108631,2.3126655129532523,2.530124134277056,2.6259390745024085,2.5830543553300025,2.646531100508228,2.3187819513004992,2.308965765968942,2.5623157447784264,2.522020285760365,2.562272566498949
5,2.0049361640029133,1.976024636093351,2.23051669203449,2.189641772498139,2.2184990802151336,2.230108872223804,2.1831605496036897,2.21675944147636,2.171185527767668,2.35512540969909,2.18868141523901,2.230961077758476,2.2519540971097176,2.2562586625265606,2.0338467876363078,2.220973118196527,2.2630306347445455,2.2187830770067474,2.268925156178163,2.3015849363293963,2.222280170583879,2.237166924445341,2.2526707380539994,2.28368539918036,2.2162155517760773,2.2207214932251347,2.1433522718888853,2.2159746942172234,2.225600635996037,2.31854328882904,2.2926325869269712,2.2862408676389343,2.2018912846001157,1.9730114948465403,2.231526982400635,2.3176303264818916,2.2264085871704387,2.2483660821284595,2.197452558688091,2.2134767538546543,2.3221271136806614,2.1942587716209534,2.206111332129968,2.2286649566442787,2.377088183755779,2.3010364120303155,2.3641077888312356,2.074293719893098,2.2311489343098954,2.2286903814798595
6,1.606235869916869,1.6416894924726773,1.4127769155975152,1.497442747318896,1.6706123029474496,1.5957872710956873,1.53555502298995,1.5125174574362807,1.5234953107241562,1.5011585216678949,1.703730101196114,1.5393986977615306,1.5542464988553415,1.5370498759643079,1.625134035308224,1.614441507551378,1.5331239620146349,1.482200301303165,1.7778899660929284,1.6947155542310934,1.6097103878199999,1.6163461347549735,1.5346834486516698,1.4531484270112394,1.4703111078128117,1.672033395825153,1.5382074737198685,1.5768780757567313,1.536420436820273,1.5005341199871711,1.4633888845591407,1.6361377639360626,1.4177087733224436,1.4408007430407537,1.4553742273617578,1.4855091941682126,1.511867151139139,1.6244545681551514,1.4995467802845583,1.701656491218074,1.710368096345718,1.5312883837284392,1.617339072416609,1.4702406512260957,1.4962341322908905,1.4516352835338173,1.5267240893831042,1.555245758777282,1.5713319830821493,1.499761748634537
7,2.0157065205808227,2.1288773013617632,1.9674743811515505,2.012230696177493,2.121933299706087,2.1009454880069924,2.106867090292056,2.0573921906872688,2.1591822974844552,2.0768830494411414,2.0718735445592573,2.131498943218558,2.0376330597965495,2.105406423787872,2.1025005475572858,2.108089760929204,2.0636119289250363,2.0733051767125277,2.1873755541729345,2.182454622059975,2.066187544993669,2.1194931998840154,2.1212423366560493,2.0687306478535987,2.063169809125011,2.138621499321575,2.075718678548169,2.205201993559026,2.008240856160916,2.0395821725693413,2.0375460136431975,2.163327158441735,1.960055873155909,2.068963785637535,2.037152085352319,2.0656587650995117,2.107842047700599,2.07243136209527,2.089129813427573,2.064290432772948,2.1027797992898165,2.0772959195220633,2.1285226032082853,2.065394336200905,2.07971403386982,2.0491989455566175,2.1545284212040414,2.0454496094622243,2.1259155318138814,2.0354977784713384
8,2.0002270880651025,2.125682906537934,2.0075305104003647,1.9975071173133445,2.082291219607388,2.0794037339350924,2.103712015571494,1.9959125678506062,2.2311104133055197,2.057876203452052,2.1211226876851335,2.0432172296124183,2.0103602918182664,2.0667913164428695,2.1165545191916255,2.04353303254821,2.101063501472627,2.100049911127209,2.2990121470461524,2.369656307102341,2.058219645661019,2.0964510670498555,2.10587444807531,1.980378075343765,2.0294262044257394,2.1164064492838097,2.078702458026729,2.261822510246116,2.0131080737218046,2.044144644271813,1.9643103877692667,2.2227945015722845,1.994555295733818,2.200779798100207,2.0614784244787723,2.0790407611322124,2.2074584203644454,2.1199891549774215,2.116091859561159,2.022349054650631,2.116187455332767,2.108854921208877,2.0416429334041446,2.1371650409089895,2.0627510013013843,2.0758295240746394,2.1639215011733697,2.0868577560349006,2.174110851090296,2.1185507456134616
9,1.439187015877346,1.4932401001877142,1.5933666384493073,1.4709282734388731,1.5232429547727016,1.5106755467023731,1.5228802242990689,1.536631075744178,1.6080494814334214,1.7343864356735619,1.561040503274245,1.5711892574952842,1.5254457199997677,1.5777304327487274,1.5045992730666047,1.5411931464407758,1.5316299769860464,1.6006279970733903,1.8715066543711707,1.5686942818238565,1.4959628801329075,1.7770999133473495,1.5368810879570454,1.5053831844060106,1.481513903780364,1.8215289263500107,1.4771245180202657,2.078614773517092,1.5466501307919591,1.5468563919316898,1.5875836681829671,1.5347988303764595,1.507221919880834,1.5609120326204415,1.5054707310978799,1.5235812916064386,1.5695042284632423,1.5619837992252847,1.58207992191993,1.5405335457811162,2.0825844759319168,1.4990586211359744,1.8966195631338714,1.5049834724055122,1.7754506872144447,1.5681589919370111,1.7576569407366307,1.4654785228767766,1.588542497568111,1.5047447758258539
10,2.2732295716004822,2.0894314224215194,2.282628943897949,2.243479510846016,2.2930869838750323,2.2166616843210427,1.8614957066684426,2.220843907475623,2.05826751281724,2.077034413224906,2.277812280415504,2.3047771094709777,2.2363779153224916,2.307399132971099,2.2755502900069815,2.28584606479594,2.272187618988985,2.2629154651243732,2.34779168398995,2.2040910551621504,2.2510530282403973,2.374342140313418,2.0486037201362572,2.2165929696924955,2.214862533753905,2.1004918527319383,2.2421815734796358,2.364050073838847,2.286082909366976,2.3018559332613844,2.3384031220583106,2.312026829479631,2.2636107173366824,1.9524175249396318,2.186837924797457,2.349336804252834,2.238987346773281,1.9526313121970436,2.270028766130964,2.2525284957180958,2.060994969831306,2.2269444095831954,2.2570621871614165,2.2387728376942446,2.3446528131709217,1.9765800443566492,2.086291823701967,2.2426467419669365,2.196836015972302,2.207643254020832
11,2.246753697854192,2.333786622174088,2.2601323779604208,2.2713083070744604,2.3713576827216922,2.315199024536648,2.2058655615708442,2.297448913431589,2.4428446347534534,2.263317682003473,2.2490578803094956,2.432610518401127,2.294060731575043,2.3426320665068374,2.3578137982814242,2.335164977143544,2.347461038783038,2.383792038873991,2.377604518085903,2.384386560072832,2.268253973761688,2.3904692396111002,2.270365118371844,2.301017280062002,2.3006121710142544,2.3171246974910957,2.319664618520808,2.45248514736846,2.3012600639639063,2.2825511847025286,2.3231879196707546,2.3724843736935597,2.265842372996957,2.3010584516725903,2.3205256092962667,2.459201066823276,2.335972153637739,2.238371221814978,2.398640335029137,2.2761781778932164,2.241079862647517,2.330318630860871,2.291948381751194,2.3734465602081123,2.364441531485406,2.2584931319414867,2.399966499778003,2.274406083371276,2.359209555773223,2.314729163426696
12,1.4605612094463476,1.5563070371637706,1.5690369222809206,1.4937359319295451,1.6717369504259239,1.4585093507789377,1.4918084770629676,1.5442782059996127,1.4946533562165918,1.514578280082361,1.5990409859009564,1.5102720393175684,1.6624928959043412,1.5893849626758296,1.4972428585599404,1.4591774408493925,1.5854743474098543,1.5804938385516674,1.5650739063130246,1.5642955692679132,1.4299708510360656,1.5749381548565795,1.4541148970700313,1.558177618620391,1.5502185185735797,1.6274047583276685,1.5086328167891963,1.5806438657991464,1.4726495950348761,1.514743768312818,1.5364198587757842,1.5419090633902215,1.6274050260817603,1.542801513600768,1.5458455599193517,1.5543898679703325,1.5403752679726708,1.496158457822924,1.4871846156228312,1.6031143692805996,1.6121262921432091,1.4620217860045734,1.489598915625967,1.4662092024998579,1.582508915941764,1.5824769070771816,1.6919495720965063,1.6277879604402825,1.5188147330964374,1.6190858978560971
13,2.2632640802277484,2.093939673617723,1.9348403780633934,1.9611290551735863,2.1037431922758922,2.017486496698652,2.331967289498877,1.9560163303440095,2.102049073270127,2.2655855907283096,2.0277126222490836,2.0440303403691242,1.904002526593926,2.1086722800988955,2.018731727608129,2.173195209976444,2.0248402559515375,2.0081912674166245,2.062481926581409,1.956284407372939,1.9733789010733078,1.9897934490803673,2.2182743866187087,2.0618854655647,1.9929206405113051,1.9247145129144112,2.0163810146166785,2.005890505843942,1.8937541403624518,1.9992612197548993,2.268127135957492,1.9968727677061526,2.1139029978035744,2.065495117725063,2.094993303820491,2.1187431337726927,1.9169762574217075,1.91191836967376,1.9614302339196508,2.058585653969539,2.0383480919550667,2.039855537162542,1.9934146518393554,1.9502865174200394,1.977243657797814,2.0209281295320825,2.0298555481878555,1.9398291008431414,1.9578589036709086,2.081838647517742
14,1.8337882439918536,1.7972288912165482,1.861633111311015,1.8470442475888715,1.8060960948370366,1.8624893952515391,1.8168906087628276,1.8140881060814187,1.8099116511113813,1.8973564957028817,1.8976524706050202,1.8319717774017867,1.8835281775488832,1.8357943395002048,1.8741506338660576,1.8403779890808938,1.8820502883498733,1.8232333368966243,1.8216403292881722,1.871236038622536,1.802133809425495,1.8755287759540202,1.8723321429327378,1.8457031515954796,1.7920962633632698,1.8798472727259465,1.910200918385386,1.8535864614689608,1.8221977383720356,1.8603066443793503,1.875581470857247,1.8068685813673255,1.846065609113774,1.8450254749866017,1.7860409680624763,1.9037887826667976,1.843592833541293,1.81373100991906,1.8058562650486985,1.7758905799773501,1.8539798344115148,1.7645893279671192,1.8931802714156767,1.79915507541814,1.9598369198978904,1.8591931157485657,1.810150002477382,1.828037153559528,1.894556350977369,1.865066497093709
15,2.147055656367419,2.052508931905387,2.1966091625819093,2.035561507549925,2.104382489079037,2.0930922976863395,1.9973734147932696,2.058980547870458,2.0972259826463384,2.05804475846572,2.0852113252999995,2.1281239053078753,2.0584950414293264,2.068267209177593,2.037098866245545,2.1441018259873195,2.2039081938631635,2.1453346309173167,2.2090464520709787,2.109384061187371,2.1371552445475537,2.1538583659535817,2.0445977973460696,2.1250304452522686,2.016491722705256,2.1998481392330063,2.082197540291788,2.0452165767339956,2.150945524925387,2.1058309242442412,2.1444755285110713,2.1305629292849204,2.163071625869641,2.1734863391358763,2.061593274130498,2.2235600609601462,2.070675609796597,2.1758138014499746,2.177001293937665,2.081183224451559,2.044709339101143,2.06247433735947,2.1334076992605118,2.196580540942009,2.1435745539127957,2.137943146094745,2.2436875037807145,2.109301086247342,2.1392240422731685,2.105496953924458
16,1.835672997369515,1.8014041183561424,1.9035071365765681,1.79977287176591,1.8413472725113675,1.8665440600515613,1.850160882460214,1.840703835713124,1.8649919528310042,1.874041077246261,1.873913535680445,1.876864171771846,1.832978860359001,1.8260647207060945,1.77552932388613,1.841005056265721,1.8775173034512047,1.8888556562499963,1.806429608456014,1.8311444509367067,1.8294195858160816,1.882420568939981,1.8305607424886166,1.8705787380868628,1.8012944195514997,1.907304156293586,1.848699006760441,1.8276561260336557,1.8677515797767343,1.8488369279391925,1.932259280105633,1.8417954269291315,1.8399773851241559,1.8592623679374771,1.8298828943425898,1.8434179270053725,1.8207961280883902,1.8153330592254733,1.909037584324003,1.7784605701026033,1.8620818229752665,1.7758447732697569,1.8998564354666279,1.8161695769329622,1.9100363587268525,1.935947833767611,1.8771620950439587,1.8470095978527237,1.8664195221326798,1.879904313408657
17,1.8209911159000933,1.7577130215700754,1.8482050401284837,1.8132522964427613,1.7937989933260385,1.854722550500819,1.7989720476818434,1.8069812715015043,1.7864205791920105,1.8630053551356678,1.8751671022420526,1.8301862818624617,1.832648037366261,1.8073789492237076,1.7951320511318691,1.8237795265404646,1.846451270560662,1.829155846043791,1.7733664286744393,1.8387009201543458,1.7956311296107277,1.8564598818011042,1.8468005307458881,1.8380211810361828,1.7565453440370469,1.8565725552315069,1.8628750183701084,1.7921217064346635,1.8121570257152735,1.8499861623186704,1.8720455006432823,1.7943422333490027,1.8152418263929597,1.8207571546776844,1.7664333358389692,1.8364443856029986,1.816160639126573,1.7977408189319668,1.8209743207399907,1.7654381243188118,1.8105155202480283,1.7364036550555806,1.8700658855545882,1.7579821593353326,1.9015891687594166,1.8594035762493917,1.7958571303720499,1.8094256192315665,1.8565654327600036,1.835640658703749
18,1.995949869824706,1.9331344421453247,2.066665162441023,1.9549600535040121,1.913037105298442,1.9987804889448375,2.004293060062537,1.9173515601164937,1.9693753569524208,1.979527510746676,2.066187296149336,1.9242876030760527,1.9286097183456263,1.9206579702420612,1.9309701525123915,1.9337936221357173,2.0021632818774897,1.9500408402766143,1.968379264331844,2.0376973522790607,1.9585016379936118,2.012577368315222,1.9789789657301853,1.950103939896895,1.9458299316767587,2.0301026717490744,2.026852610559769,1.941767727522187,1.9847180095218677,2.0363509543134137,2.0101156470270567,1.9952387791002977,1.966600463409458,1.9957216960783555,1.9369478176853159,1.967438431171587,1.9776303452971362,2.0276448612576825,2.0043525296302422,1.8705578363178068,1.9294897532082231,1.9297698858332488,1.9782707756949414,1.940558457674321,2.0443405238241006,2.033257080312305,1.9331594858858292,2.005923206230902,2.0047487001737503,2.004386951828348
19,2.317963041274533,2.1225425630381016,2.2832763627915895,2.3620899305571452,2.116989065162633,2.3249487633696617,2.4602208673548214,2.255330738167558,2.416493718686919,2.3023146581973175,2.3435035659635908,2.34668755863361,2.3059446742713128,2.220374024733239,2.3784194567144716,2.291110383432855,2.3956211313155222,2.290419331127386,2.169742299408014,2.2594379753312186,2.3481063502801316,2.3215291558534723,2.3470012444813824,2.3586229373821888,2.453745855741957,2.142701089118429,2.45054284987123,2.0850956510592606,2.3547863194764975,2.077661216091119,2.362758447089469,2.2955428333772883,2.486104376531273,2.3400436461283327,2.176788243231858,1.9936305219593198,2.500685589535384,2.337367517708536,2.268035265518133,2.315466529783821,2.3868155136934277,2.1009494391165617,2.3008628351980125,2.351795302008691,2.3363276197784195,2.3422307687250177,2.214003883931465,2.454260224473705,2.3072399324176485,2.3791320543207135
20,1.8419658956749192,1.9048395773339397,1.7346083822756704,1.9185341012954047,1.8788134522593363,1.8357413588432587,1.8877065680819562,1.8798178903218519,1.9255366209323768,1.9285730689968439,1.865279406369495,1.8310137815716825,1.8547026068426553,1.870466888375094,1.9222439996330771,1.9272145447250772,1.8862915642846954,1.761812180323875,1.876006058409903,1.8745454263149224,1.8362805058027867,1.8364846207244572,1.9405730547670519,1.866020297955604,1.9542753237831079,1.934710559052542,1.8651310784594255,1.9042127900626156,1.7811664253101451,1.8838653466072293,1.8578213869438978,1.8639860697051063,1.8542997208763854,1.8284801622231335,1.8009404007142793,1.9268306587452688,1.7901928382223122,1.916276400993472,1.8483520697745695,1.7751056866529513,1.8289917925025065,1.8465258991401505,1.9247243297476402,1.840228774000714,1.8461981325115389,1.8041445069872948,1.8230862883790682,1.7519161902963418,1.883264506414676,1.8767348626140095
21,2.4491922939512296,2.385288464084951,2.1821580816618464,2.446267889666185,2.27251760515024,2.688102561087881,2.404203801100234,2.405102052027905,2.4482004328945717,2.4821788378565053,2.364362158028073,2.3322687650087506,2.4819251998986633,2.3961627958155702,2.1990880060596787,2.5857003503355536,2.1947515159036417,2.178628215541636,2.392635132911174,2.3137742015658063,2.2217375392353027,2.376373622559104,2.228769105919138,2.391902969557428,2.2810949823898277,2.4140214107163604,2.3786048765758867,2.8051820342559886,2.4241047855951905,2.362774732566699,2.6861884765404085,2.2463328462447683,2.366754105351454,2.383842504396676,2.5054110904962528,2.3324425254044368,2.339341905023346,2.3823420198648684,2.123518597024482,2.7087342077202266,2.363866231062077,2.3280176445432907,2.3591604101215786,2.3871384147669445,2.407857218511058,2.3779605421330263,2.375290067766091,2.27060777710302,2.419196255960406,2.6442963854668804
22,1.495049367316427,1.5361858067081609,1.5540968185874195,1.5652748322409202,1.5918658139838922,1.5710472888882956,1.5444898926997572,1.4983140263011023,1.5319092504165166,1.5780736620974607,1.571472424565366,1.5414180173986258,1.537410454297535,1.5497891142958995,1.5028171500058782,1.5472164408549216,1.5775518375763138,1.5317052420375825,1.5096421031816112,1.462835906940322,1.5889800155691294,1.5820138755881832,1.5703698183950903,1.5570277888384503,1.5877575261829424,1.4687816261072513,1.5474075345220903,1.5184517511296178,1.566015927178947,1.516996313135886,1.4990602172501148,1.5780784459494885,1.533779549794625,1.535834226059967,1.5445769278266646,1.5493884364380826,1.5507416658093387,1.6286429325437517,1.608499138314607,1.5032010889708936,1.5254395900080162,1.5639597144557236,1.528003658675848,1.586831754882727,1.5327848756861018,1.6067552948720412,1.5299703689428972,1.4550273453997078,1.5558960232811447,1.5762678211737189
23,1.7644799769229982,1.6998294339228837,1.7262978605143786,1.7368706761422277,1.7201952538655947,1.716602277448998,1.6880950536601986,1.7318019478595312,1.8392970608861354,1.7527264627919763,1.7405996828264179,1.7126098799781335,1.6658434267842783,1.6939783302638958,1.6893480749205958,1.760281099172642,1.7406214489321457,1.781972063462365,1.7731580561529299,1.877453530267445,1.69352949939878,1.742596387619603,1.7691054340094823,1.692310057555332,1.765866118388324,1.7373207955130159,1.721637572996622,1.7142029863816433,1.6955632870226172,1.732043875707312,1.7671699581349074,1.7940535155041708,1.7473850514927491,1.8569504203901683,1.715941523348378,1.75498437633183,1.7614921834801311,1.7913829559178698,1.844563216512448,1.5913159712572487,1.6366604344920894,1.730635282176138,1.719822747125825,1.767836396234303,1.7077648599665025,1.766992197439838,1.7459222350458674,1.6719599701723995,1.7527198724812294,1.820250350879185
24,2.4052362263617795,2.390002582446958,2.3343219463526985,2.541866341942343,2.42048965528112,2.401594750326926,2.359560758041831,2.413156105051332,2.39861133191141,2.4680528241073,2.407580531912966,2.357778216802771,2.385971461906073,2.3872218780268817,2.4231898913089687,2.3946461656388034,2.432769801776752,2.2263398358419035,2.3674705564228375,2.4043074063905374,2.395821715625573,2.3926408121401135,2.410960924941108,2.431366330227423,2.522799858473565,2.361039421851787,2.435452222268475,2.3336159818186957,2.388563063710202,2.4052853147956372,2.3424379213149713,2.3993959776143576,2.434225001430315,2.1948411805257235,2.365465100977696,2.6179003459123624,2.35543800229751,2.357926703306145,2.2612301362156138,2.3767215853103405,2.334417110768179,2.3227924378441145,2.344453491433372,2.3877879043157053,2.357431609663581,2.317024105490253,2.342784355077434,2.3694959932743194,2.4052489866339455,2.3794907504688965
25,2.094863024867392,1.9963437163111086,2.0429458388434636,2.0927948130037906,1.9972933230332126,2.0714862399378626,2.0174121551036315,2.058442858737277,1.975281899115016,2.0884702512157034,2.0871803511336275,2.029702636925487,2.1015581587361103,2.0511358033878544,2.0390559607184695,2.0213329640657958,2.11393658323386,2.01496313277838,2.006127296334615,2.0676544894455695,2.0647670648022896,2.0701087346363582,2.089983503117322,2.043996888583351,2.011626559519698,2.0254113638076436,2.1078611447740068,2.0583289177778923,2.073379300867482,2.117220752733107,2.0737268656847263,1.9963071437828788,2.089488737639364,2.049402289578474,2.003591414918108,2.1219827893817786,2.051079926565369,1.980774537334426,1.9704643377518702,2.0358094023559214,2.0302153883105163,1.9230989277062278,2.0318007847453714,2.0056776838596493,2.1274383377522783,2.007528528810427,1.9579460246641665,2.056843490514673,2.0942244764454094,2.0370190007121263
26,1.9542713849576128,1.7205433836720907,1.9630722362842192,1.822827321638794,1.715289430984555,1.9966937136341585,1.7911345097566844,1.6621375063905042,1.9630655702566244,1.8838415800692552,1.6966194165648094,2.4102223591159735,1.8599051383719658,1.8816746162889082,1.8830649845092857,2.030486887617233,1.973363228659407,1.8528638981403311,2.0300498770133473,2.046251763687808,2.0867381398783156,1.8582313555173542,1.4438696877096824,2.092143593552578,1.7938839064002323,1.8457965322220877,1.660283462995027,2.185903276707272,2.2259363977088817,1.932144957631722,1.90148054056902,1.9617634262805375,2.0388972029453,1.8838421418679827,2.0119554769274828,1.9375172864771084,2.0232015573839073,2.032827094085963,1.213832765728192,2.0050594590535766,1.852279703058553,1.739945583494599,1.8994173316521596,1.9021633356510428,1.9278467942212387,1.8269223537245143,1.9065956219676945,1.9389695838827246,2.0632859595541326,1.9971797388280024
27,2.608975536470421,2.47430514680761,2.513242017391473,2.5272750354132167,2.395982710278128,2.416089932619162,2.449413739051497,2.5639395158924465,2.475547383788779,2.3755623256109364,2.611017528974905,2.492637591327254,2.4719318216727935,2.6272954139915328,2.4919429015826395,2.5456770984204304,2.5810986288844724,2.440791801352283,2.4808037753890098,2.5530315550711027,2.534650775785055,2.548093889424191,2.513324426689391,2.56727413927308,2.5958460123347145,2.478147843230495,2.557066800609828,2.4194471598988834,2.555909018626572,2.462453290713828,2.629775996554703,2.5506986107806355,2.564735377084652,2.479796341242391,2.542136006413557,2.4993572579658903,2.3962274860450723,2.5520162624051608,2.4243230474432167,2.428212177144008,2.5761374915535455,2.4562713776671856,2.450968166723918,2.5962889762057557,2.3766260599504037,2.515727856403708,2.490057374521651,2.5400219013647254,2.537792491040875,2.533422262788811
28,2.1903938829242176,2.107854751169601,2.2014945545982183,2.143833135279138,2.0877071848424276,2.176851720751835,2.178489590782359,2.131917498935119,2.131493428633603,2.158342932102533,2.1957121342329904,2.1055931735745634,2.1105644607446683,2.1179061385365543,2.049367944007365,2.093042738086842,2.2187012987384165,2.113884757265115,2.123294021893173,2.1739363594517496,2.184076955770573,2.1692849854353042,2.159900975314505,2.1202989727235604,2.13328246637278,2.1236699232000165,2.1788761930939753,2.115076518343084,2.20137842539018,2.228885611881164,2.1835970387511754,2.1487901277730614,2.172576934199462,2.183475460614215,2.131736145933959,2.1735346300628198,2.1541782787223296,2.1531047981593474,2.174657053393136,2.0977586279415545,2.093968244816036,2.0748693461230854,2.0771962648484177,2.132037537558741,2.1798343052701874,2.176650903641537,2.1106795773005373,2.183355918461543,2.1679640408642213,2.148266053734387
29,2.1598649825050327,2.1437624007216094,2.1240314260935698,2.116208562916257,2.0994941991338703,2.084453349170163,2.1208310884316557,2.0790721312457845,2.2421880839962167,2.0882446875321623,2.165818797104073,2.042768067164534,2.0029988921912087,2.1691731115100525,2.0465233259369526,2.1598094591322163,2.209134391776347,2.0742192571831426,2.2681335375182528,2.147676850423098,2.204958840054557,2.1804663615265056,2.0907104521459825,2.057152367267996,2.2921175257057946,2.1343069436264352,2.062400731772661,2.1457402372859384,2.1969486703618593,2.234659509685563,2.07888330594721,2.18755113586991,2.215269175711269,2.1467230553028234,2.152212229501248,2.131218637301817,2.1447465306381055,2.181900015938604,2.3714312481642352,2.0887776382817456,2.031830176284547,2.1881218067562997,2.057502445982781,2.232454077081268,2.0117354620431716,2.0721902431814305,2.1035718403332186,2.1027053801407325,2.0869883237416578,2.1156197007262243
30,2.164312338448136,2.0610929249280883,1.8474561541254548,1.854090582255406,2.055144282885554,2.066289379060869,2.064668960294016,2.0417980398154514,2.2097431781895973,1.9364206047043844,2.2189707979506146,2.1533488806074352,2.034108532920598,2.067023307258983,2.0396942985005335,1.9101886426189045,2.555052289532057,2.0386055481945258,2.29466821435574,2.0063088822717186,2.2832856137145194,2.1356406473733145,2.0821008756710255,2.0399293600340904,1.9343886935984713,1.931768973482674,2.0160987529286025,2.043261098561606,2.0496977042339175,2.108618024521096,2.1152716458877503,2.06504481822578,1.9047692902556737,2.1479814558395054,1.969296584785539,1.8960783760883828,2.035310020836481,1.9196473892345427,1.897177267431509,2.0481098230505133,2.018094816166343,2.033750627093434,2.090965495951961,2.172638065167111,2.282507442858865,2.032139524089164,2.4037537969339793,2.1399703162905883,1.9048647936003285,2.134569441371319
31,1.6659835391161444,1.6463162324522038,1.7604411946507277,1.8809528091357328,1.714525837972893,1.779072488664272,1.7473195631598646,1.6996212505681654,1.7303936894254157,1.851608508421343,1.7572938155478544,1.6920404346122044,1.6563428570891516,1.7341687011103462,1.7650077447446857,1.7553981888459034,1.6379208381751607,1.606068537003653,1.6700538846365056,1.746002788560558,1.6633514414216233,1.7045316591795636,1.6750128272811278,1.7758623336368409,1.865795792445514,1.7122842914566014,1.7737289503967038,1.6431917040847388,1.7682932794115427,1.8078696437091222,1.7657302644912773,1.6726694684581318,1.7046643723851282,1.5437958969914503,1.7234645681555234,1.9323143101759417,1.672543396936117,1.6965434365567083,1.5772049365865533,1.6654375558047612,1.7116514877901778,1.7131560190046358,1.6843807760261598,1.758340198329174,1.7746293640643636,1.6772527417463774,1.5742692904973516,1.6554098134247184,1.7463783282855192,1.7700249485822273
32,2.468444053945501,2.5326514842529644,2.4492284759035066,2.522782581606503,2.5320251856078047,2.5008803831189894,2.34014735569197,2.5811466908691445,2.481573296406614,2.5095575267955645,2.4707809588902068,2.5283634218730136,2.5392037738903133,2.545268168030657,2.603627664800953,2.5590728123441955,2.4600145523617716,2.4730932714548244,2.6203965139687035,2.629699954590758,2.563283074035418,2.496158940710224,2.505752856991874,2.512798394400253,2.564573018006609,2.453194894274752,2.5410941497592363,2.571385739681027,2.5708709274653305,2.508248448290819,2.4512496386518343,2.5374868072773396,2.4609569582089854,2.413810121923847,2.545509234827401,2.637113071472184,2.5541529433180807,2.455665187946024,2.5218365436795973,2.5167573180483984,2.4851946341805657,2.5715655080554782,2.5792714910161934,2.548635230926731,2.5204984530721095,2.4080789806265637,2.5122766216146024,2.4757142925514124,2.5493784888827085,2.529526928804108
33,2.3247243695894824,2.2745079392179726,2.4033516036617595,2.3756864250839067,2.42637260178029,2.421992870353511,2.247066173797471,2.4215234042113316,2.3084598354618464,2.364531685829135,2.3615452460956234,2.4322740148510302,2.4303880510423497,2.4613463910433726,2.4254910019327376,2.4315594339955626,2.4255414660136356,2.402360448670838,2.4696627401993148,2.382097503521952,2.469817791603994,2.4600918257775755,2.3148778590382264,2.4568846874406916,2.4295550199904987,2.3150678633300155,2.3618780104270822,2.428340863968419,2.42602398762844,2.4130280535608093,2.423001117085634,2.5225123928647335,2.411213517447445,2.1839473600910395,2.4204476315178978,2.40637741944051,2.4438195938315896,2.223507810481096,2.409922637826197,2.4182209150016405,2.373344231072867,2.415107858309508,2.4884182809104622,2.412005322381524,2.5689010414281963,2.3606633583771686,2.4201045340044907,2.4079166502346068,2.3989726898928283,2.425287861553999
34,2.5722882237846676,2.5735581144584003,2.579870487493203,2.6383654727990145,2.6562422886026527,2.62543327634317,2.4655317125512894,2.665145711333631,2.630718330089204,2.5697433043076146,2.478986744048349,2.71850910842603,2.653110189424684,2.6355864839547225,2.651943585713979,2.6589060694193476,2.6367379325775833,2.644245129849618,2.638818507534104,2.6600737944551867,2.623429804157631,2.6274809123443568,2.5402713671009787,2.673413999197596,2.6645455501900734,2.5290973473277276,2.6039757136453088,2.6741874484587917,2.6729671981338834,2.6186983314788694,2.64506089436704,2.667374139451965,2.6180900893255057,2.4896431699926573,2.678256901518922,2.8016687565089295,2.6197765512396307,2.5403012903531392,2.6651062618703256,2.6239465104552506,2.52247485618442,2.6404823249455394,2.660806056987372,2.7011858790735097,2.6668926512889595,2.614347589900877,2.6536769305906223,2.5943093174389915,2.6829794173651784,2.6729940590990555
35,2.843236614549822,2.821308204078642,2.7963530058514507,2.9770557038921774,2.82694611326097,2.826165388180642,2.7935321198039045,2.8638969468080004,2.8016706949959618,2.8952603879033347,2.867186645425463,2.7986046400640987,2.8399618207904544,2.849070146209021,2.871280313664135,2.8418956915889146,2.8230068210480432,2.564821522730865,2.885333316164264,2.899833514112477,2.8406456668388884,2.8435737098315546,2.8373874441866302,2.8836450845016444,2.975896787163279,2.778959834475433,2.889293073019365,2.818945542726812,2.8319576458225155,2.8843649552982566,2.6957700624822474,2.880032106175939,2.831798981886152,2.424129364314169,2.8573737277782927,3.0378613255799394,2.7838635105946663,2.864936071519736,2.5586210922457613,2.869126870265968,2.8238286126331538,2.8214357076940466,2.8288184618276553,2.8106090031526847,2.843461486337768,2.7946067764861393,2.7869940807801754,2.8451688920886964,2.910410580291269,2.857450853773969
36,2.4793313715901943,2.430793770341129,2.552828924039911,2.596818307190352,2.4877100138699504,2.5979687539361453,2.5292475091322153,2.6084419855976546,2.535615301909367,2.7517195254180074,2.575407642849999,2.5696562948597226,2.5904237265309717,2.5469890267875286,2.4399852000414493,2.5324183692837643,2.585465589106036,2.498187627574511,2.5273977736515008,2.7937638351185274,2.490954645903967,2.5101950088952965,2.6970411170272595,2.604014294504424,2.5686696969616705,2.487600324008536,2.682296892315233,2.436299091004507,2.5733604613340004,2.7082858902747793,2.564947944488109,2.540922451307914,2.5269310381071293,2.3773926340711693,2.603179737567155,2.877985390863886,2.504999613816044,2.752497464061477,2.423275610073289,2.531109224409901,2.535821626268021,2.5519334116600287,2.4693335113568757,2.563304462001353,2.5970938286822047,2.5878056876828293,2.662036754004383,2.480825790278236,2.6619924897673304,2.6098067836402503
37,1.465596231288833,1.8391248374384421,1.8683506565656316,1.4878385912585461,1.9165326688128457,1.9127764254964337,1.8574879546133651,1.8923715410465656,1.3602624791839206,1.9045664950597931,1.8711226812106623,1.916990759764225,1.9373501933162651,1.9275955323972669,1.9060624586888921,1.951398383874039,1.909577894414145,1.9546281298457389,1.9364347213024757,1.9541646092667495,1.898004388036469,1.4838460026113136,1.8699237520521006,1.979838186533378,1.4548094704696872,1.503425580120024,1.8919130320105273,1.772151649317319,1.9063080080945927,1.568635704153417,2.0016087917687138,1.71979070602627,1.5173366406936228,1.91914009002228,1.861208438074315,1.8870837724334084,1.9496710910719157,1.4565721460875123,1.9019185939959642,1.937414785674914,1.9817753676086802,1.8690482552270797,2.013214860710587,1.9588658907295695,2.0180703240600515,1.9501215322302023,1.9296073425893105,1.8765405686666803,1.9447703763324733,1.8705230035349416
38,2.0572638888392927,2.031369800971106,2.260781814192427,2.1259282773272403,2.227506512040419,2.2150644678278217,2.1242810050435743,2.1451553908686187,2.0410835517955555,2.134323130476462,2.1483850669871263,2.1468508326682407,2.307285401198795,2.2723122554122384,2.124698738210872,2.1514531901242204,2.493066338044706,2.1906677753830985,2.13951088800928,2.1970306001766406,2.2355218923290145,2.1403207386604244,2.135919125225179,2.44331777790552,2.15564835751762,2.0397061123544145,2.180838092132152,2.396917755020141,2.2417350263784828,2.5133893003054677,2.6927012951255875,2.427120551239099,2.1238511161703517,2.0792369181096273,2.230998778320827,2.255058488074331,2.2214222487713435,2.0848601136458935,2.1552853852802984,2.2003575699365454,2.102537357883296,2.1612443671861747,2.1464843886647955,2.3928365602908235,2.7104850967568996,2.4902710937926447,2.242245409519936,2.1896176741433813,2.1882730488372673,2.205873679385368
39,2.0753982334893166,1.9567152414250892,1.9830291765319572,1.9266900018507105,1.9977420759803657,1.7885451883593895,1.8217112296174385,1.9557903049265342,1.9402930553085866,2.019598471179476,1.887615326120013,1.9721910569610168,1.9030323207506932,1.9051837686147408,1.9487794709262225,1.9729396934130907,1.8622572445460008,1.7285732648633267,1.7962694517523712,1.8787749704784655,1.9216386496811992,1.9039946025254508,1.9241948774228117,1.911730787012417,2.010542148890016,2.088324207133997,1.9768298200530374,2.003227233295515,2.0179919465887544,1.8349040957200522,2.0158829550123807,1.9227863306591466,2.0708155192905107,1.9267960527750354,1.8576961311394484,1.863291714923104,1.9169294911884958,1.933673256551053,1.9384998735382126,1.8426671747729149,2.0494687506190346,1.9136805203519565,1.9393923845467516,1.9288707386912751,1.7903924513253102,1.8927188919582996,1.8344243535554074,2.035295748806808,1.8817214130085866,2.0843756894312975
40,2.469377231972911,2.483787312886305,2.3615884345557294,2.6512563738600363,2.5149980404366694,2.508367705740012,2.416600054165036,2.474305382157442,2.440701314205832,2.5000615988426,2.4687472244872435,2.3741787365166696,2.487342873048515,2.433787572902321,2.420285368954218,2.409591264783723,2.446369709287156,2.468084168365528,2.485170153383905,2.480320510471504,2.479219652434848,2.54785751075526,2.320177096803013,2.5365200250628632,2.4648735416666536,2.5662223853131376,2.462353636426215,2.5068128654673814,2.52355437126338,2.3633933466987456,2.4877789187075585,2.4960544451339644,2.45036194562795,2.47968382588353,2.4681382695748244,2.338347473537876,2.3579525386139153,2.430893040771169,2.4062632465776237,2.4691086669135434,2.3871920456427738,2.4364320507367623,2.422406759168723,2.506460956417877,2.4734186724220635,2.44104474405356,2.476117772491609,2.409032303832869,2.444603330194299,2.433491313596882
41,2.1375263545939474,2.198287561880279,2.1807601573862456,2.32920205317836,2.260982263836297,2.2787822598348706,2.128340941893409,2.187136887734833,2.1344520234247337,2.17730615935783,2.2205890778964004,2.0296041268282616,2.185910091846969,2.1671880802270174,2.1877320770927176,2.158456134043748,2.1340698036274866,2.2135129664927398,2.211647229242427,2.221764118435826,2.1213061198141343,2.2374202863620454,1.9777234945777522,2.2852919059356793,2.268584787310939,2.2922171652810768,2.2005050837834252,2.222546647713905,2.223040743333467,2.103924709839487,2.2137316065355286,2.277309345907085,2.1769639813120403,2.1758818086565856,2.2551616186136094,2.078939919862872,2.1251293626322916,2.139429036360599,2.194597989064463,2.1890092663051326,2.1194654166835143,2.23776620706753,2.2179446163952523,2.272221744992489,2.2610083510695222,2.243788590071823,2.2097948465957806,2.1826679591174365,2.105512637378338,2.224058535384838
42,2.4944916316459365,2.3977369900317456,2.5602304553522064,2.5401768631410393,2.325653874495176,2.1822956382005114,2.3602015541171273,2.5682562081646143,2.5512027436186866,2.450523450161908,2.455213708205184,2.425937445916677,2.144887384178321,2.584572558435646,2.025489383645626,2.2985700621907945,2.4942671807032823,2.535805285190408,2.4465086300079975,2.4081489248676835,2.360796856190106,2.5730302892324772,2.4078217563401907,2.3650279574046316,2.517008875414458,2.478699720370813,2.5004682289601607,2.384439516323738,2.5537405341157067,2.4815179247162593,2.526374051167565,2.5395283881206296,2.4912255273279342,2.2530728448663133,2.454182273528899,2.39454207542496,2.394320255416398,2.56071371771959,2.451016564250473,2.502998927368246,2.3529272942728525,2.2913187225159497,2.4874665001560317,2.4334674164363683,2.2621484926558377,2.527743097035259,2.3995566877045253,2.4718803172075923,2.278351256054363,2.5303161696610204
43,2.040334982263106,2.0882943596990833,2.11549950199624,2.1326773925471443,2.032811756354077,1.8452274611600474,2.05481429085369,2.1678422778665354,2.163044013848261,2.077676531359593,1.961531146806644,2.0927774676218753,1.915323117528299,2.2266122956868095,1.95691199310302,2.064623800399337,2.1270223319194645,2.1244664600828926,2.1069859576010153,2.1114547950749802,2.0607522961407376,2.1525629966502002,2.1002825661457134,2.0077451975180907,2.106723109224564,2.1347801429331925,2.042128294303721,2.0895607011518464,2.1225777889226896,2.0930760745638888,2.1519751200963544,2.123056467896081,2.078211664987645,2.094226924532535,2.006683120772288,2.0153186500944784,2.084102272709022,2.16203985521072,2.169925365769627,2.0722603234080346,1.9495600103224149,2.01701844248616,2.150390587334634,2.159471522620402,1.9482323531582786,2.1356888874340836,2.036839095513847,1.9393639329757022,2.0487086988815677,2.141133650208392
44,2.5977822938508695,2.5051242844058326,2.619865459278179,2.6123789709104996,2.4398298777882914,2.3212329053672396,2.4545675502011637,2.633122432306349,2.600156307545001,2.5647039915687753,2.446592118311554,2.4974392545151076,2.3304461815378037,2.628733680177521,2.093213838435947,2.393269087163077,2.5872873886482655,2.527657871531275,2.4962435235610236,2.4952500574664427,2.5043562183047925,2.661658719181121,2.523210898520306,2.4608789346734454,2.5260981240700815,2.5456992883006384,2.5088796844771206,2.43227295320661,2.6662664112393557,2.5662111475174276,2.6122869524962375,2.536098412545538,2.50022234458649,2.4216334553699888,2.4490510997602217,2.4918415486473506,2.4423055068873847,2.656936833944421,2.52669783727392,2.5461715491815644,2.4314774678555118,2.323984545529223,2.5193388013411067,2.4742663306147534,2.3375868404022615,2.603685359900222,2.43676150856747,2.429954019505862,2.416590089889684,2.5684407776561553
45,1.5182500295597254,1.6462802982888771,1.6404995156173587,1.6542088039416583,1.7660609061171009,1.8112864314525963,1.7668514536286626,1.5576027510129702,1.6460465500986086,1.6174196581908316,1.65410531550009,1.6083887735019413,1.6867200874722208,1.6150162588383914,1.5619337122198882,1.6035576896205685,1.7095902849380682,1.579954807748822,1.6322690540319122,1.6790808701541557,1.693446744877388,1.572002693584702,1.559454328384387,1.450217870662513,1.543514821329147,1.5546717889677035,1.5949929748075915,1.629288966444829,1.7326917666519144,1.8101786824402568,1.6641696826338386,1.522220755414743,1.5131570673862242,1.5998176226070164,1.6097868342643142,1.7847506480911015,1.7033418021408773,1.6380914521304568,1.6336763072164793,1.6847155129172746,1.7574901546234472,1.5945090661197874,1.3888427795576916,1.5975666535547308,1.7943960204019165,1.6512482596246496,1.5899436815765444,1.6138071842537727,1.6876685309316795,1.6850828356955478
46,2.473661959933544,2.5255572509401443,2.4136678466843424,2.584870658397779,2.487950227649085,2.5135135287095265,2.489753977780337,2.4353989809003993,2.394755019890468,2.483290868852344,2.529778825508873,2.404942762962416,2.5036455919883966,2.4260343944970644,2.4532762582436254,2.440589742744037,2.4065485115801923,2.449247247642318,2.458578291092085,2.4234423351449523,2.461011993593136,2.5523697447116875,2.3008532179244394,2.5027065811953584,2.5001241611288165,2.4630603407305856,2.4304192593111407,2.5260691810427787,2.52551021821155,2.398348758463565,2.5056725558618,2.4725572520522903,2.47815033953343,2.530289614581701,2.502604369252129,2.334077946317965,2.405116414432568,2.4272471183415654,2.37954745898102,2.431413861127629,2.3769887294493834,2.466290709497713,2.4884030425236148,2.523473449596475,2.5046088944636766,2.496935086995599,2.5139068565883065,2.4024874104850324,2.4950804747117816,2.466301480110877
47,2.644114533465384,2.365710818183203,2.433127078048681,2.35863965746762,1.7964930068638614,1.6002607884260343,2.425044761036343,2.421058690310879,2.576568801972747,2.4100622219195857,1.5512748749959204,2.5001943587011493,2.4379087775620882,2.4383093825907594,2.4031316298459338,1.6577711927160586,2.447994127086309,2.5188573205440328,1.731674142297706,2.2963641808431454,1.4217028310999762,2.462553346609697,2.4644096120639283,2.4388707768859863,2.40881707408818,2.586238498684054,2.405800244583956,1.7409879139835827,2.4139554222322985,1.6061498115721111,2.394066470592569,2.5168243215806303,2.401170373588588,2.4877680779707636,2.5879142330598945,2.484869864620144,2.5901407602784037,2.391515983265112,1.412077690448923,2.481693977505955,2.4705738626120404,2.5068671657888775,2.4909922524843466,2.412128939737773,2.5128144806379886,2.4345248309183884,2.4125225258587726,2.5057504417770424,2.40330633818637,2.3754365863854794
48,2.480380947216723,2.342033376271174,2.4526148680798805,2.4024413071536763,2.317305349296131,2.3222264566798785,2.330270548284668,2.4412438118345534,2.371269185307778,2.2963894992913954,2.471391623065223,2.3766860605507514,2.364237305667327,2.458957760517521,2.3894655624670236,2.440470274739292,2.4740737052005457,2.299446722240046,2.3460184152047123,2.3837152027220743,2.419979436988317,2.4103408346112793,2.4466463076600764,2.4576127273652126,2.4649936203483858,2.4080370449616986,2.420982207179744,2.344107073257371,2.454423437088579,2.3061539045514863,2.5373950234842493,2.409718793719259,2.448957763560747,2.37445651729416,2.436647401237199,2.343150498882519,2.3594718991419787,2.446819896419221,2.269127425296709,2.3182315059985017,2.4190876277947098,2.324432751459028,2.3495943477135413,2.507034958012664,2.2476419714014426,2.430808572655091,2.3382427168729922,2.4265212500236117,2.4389159227008177,2.4572190612990994
49,2.6037854723691773,2.5744288426276984,2.60512707922722,2.574638457451652,2.635860704461754,2.6346080528905924,2.7028873719194877,2.542657635719424,2.5640659942497077,2.596261800715279,2.617793591596863,2.6026411613956455,2.60987654812228,2.628666391187487,2.6233252521396793,2.6774799977378683,2.6920578192799534,2.5475050190414654,2.5120106494537957,2.751062357260629,2.541114584793399,2.5980719595759876,2.5899274131656833,2.6033777698525613,2.471828971510235,2.597023185055929,2.5665831518189286,2.61793201895944,2.5321130447997575,2.6857494495685286,2.5487045036474036,2.6584519409151373,2.650650053621444,2.5360790949341157,2.6991922601932767,2.718338285723089,2.544386761209089,2.5530368362420344,2.57080325018706,2.6376943436774702,2.589731882855766,2.6180067060926966,2.5308720082802947,2.3663919985597968,2.6910646131565095,2.6775939251446133,2.6942863809944875,2.7204696352301596,2.631584912160079,2.6943240655601244
50,2.556156290913414,2.5947526512658765,2.618747365467433,2.63823568725742,2.650124360851109,2.5913728619196026,2.6650790716199673,2.5647883031578136,2.5880627682151576,2.5492159703334316,2.6274115242894824,2.5470079304907998,2.8245013165543007,2.685143542651275,2.7502691734466183,2.7269682069108985,2.6813215289463237,2.65965690962975,2.6868160990965038,2.7603674586747413,2.5971672816222213,2.637374316379505,2.5259893284950383,2.6410200624098223,2.648337896323323,2.6756098415401084,2.550761945704317,2.6644439456279194,2.6281575713132623,2.565069580780014,2.679718299186,2.690209745492126,2.593375076025218,2.6665582445504423,2.806067350502654,2.6638829006575833,2.699228325741018,2.6933098365345742,2.669468489056296,2.639234256060889,2.493211346444575,2.7655055867393337,2.606703065105741,2.68325959470792,2.619700456286168,2.6836365050514672,2.639867916364185,2.641191870544114,2.751237105975318,2.7699050813313306
51,1.802422307176979,1.9085957058296303,1.8168283402929593,1.8848823900701017,1.8584358072483482,1.8014076045310574,1.801571759984478,1.9284887039458916,1.7946198955359396,1.8776864351137825,1.9006492656630076,1.9019009368193691,1.8808494206072082,1.768755513719661,1.874732317275809,1.7751041088783222,1.7868541867143506,1.7510931007173767,1.7494837696989993,1.7410009531447592,1.9489293151153717,1.732035430998069,1.8452941789468182,1.837279708902587,1.756569721826125,1.845763340667257,1.6725647997762243,1.882115518181326,1.9856072918210952,1.7879602586642571,1.8304900484843225,1.7996774925471293,1.8219270445023295,1.8028706187055619,1.8371356078054575,1.9365709592208589,1.7641562235958697,1.9099102690183845,1.7250465899362206,1.741747274755367,1.649037606605674,1.723885500150116,1.814381842016429,1.8019156606459603,1.780275669130653,1.7688990278638506,1.8758294296312457,1.7417393106565422,2.065570719583784,1.878616734751624
52,2.072679503902819,1.9249247933583993,1.9540871434713232,1.89818389172801,1.9970830194844247,1.7608748219759711,1.8108890235562178,1.9290021206541255,1.9094331687565926,2.0042850895161157,1.8469511438523192,1.949381432751487,1.8659866985291451,1.8666170336777768,1.9193865025732357,1.9453176067137061,1.826631001216061,1.7107252609670383,1.763506791282408,1.8652313545055215,1.8811451371428358,1.8761065512817972,1.9037829930303487,1.8902924271475499,2.0197336085808946,2.10481323748348,1.9505517600290805,1.9760540381534089,2.0206930870304465,1.8169557241534697,2.0089090999462584,1.8936406291769163,2.0440409930163,1.9055145054560114,1.8274298484893912,1.843593370533947,1.8958960189309177,1.931285197571377,1.9142646625135455,1.8255122365322656,2.049679229826559,1.875627486149952,1.9233213442877677,1.891206091422287,1.772077696651884,1.855674400051507,1.7957472049604988,2.0103031876205666,1.854335006299606,2.050531580701467
53,2.3395325031492256,2.4134310721327106,2.4105509699181855,2.4968865041582147,2.400370589725818,2.4747127209790944,2.316880400318272,2.3648855571502554,2.258433139131329,2.3471700484476985,2.432030222706377,2.179964903088404,2.370516388313103,2.362695415207786,2.406688040352729,2.3543437314968547,2.281429503526976,2.3812323974949843,2.425932242300078,2.351995694290893,2.2894825150410796,2.4272322038417355,2.1152835470953573,2.4826227795822327,2.4775835220718196,2.428668485396482,2.3639154620613367,2.4208958329368784,2.429686907404105,2.2761876480763465,2.4160933862650147,2.4598335180899795,2.3901821532877268,2.340261553956161,2.4804770514877816,2.24558868716721,2.3364636357737876,2.2862555492907735,2.352308836086582,2.4006875218469466,2.3256057799583374,2.4429373971661406,2.4350648207964483,2.445145668647802,2.439492858957217,2.456373719910074,2.431645503114286,2.386033533614879,2.2641780616379776,2.4053511833946253
54,0.5112780696594399,0.6723881790058481,0.7220286402729421,0.7134919913729947,0.7725942770941026,0.6806613488303817,0.7295997633303166,0.7280474242035924,0.732009187998472,0.635905166186058,0.7750028073481445,0.7350789891447498,0.7550189708105011,0.6284293322777694,0.7167881402586365,0.3487257833253521,0.6676701775431493,0.49188854160723916,0.7100572138102166,0.6145080967849106,0.7219259183818991,0.7424092764542145,0.6437603411091277,0.8107102419622976,0.7292346276255905,0.6525606711416332,0.7507589497945428,0.7290373326716821,0.6880585201785951,0.521214408511137,0.7244823203313295,0.503871190269642,0.24037951246653222,0.7752456957230215,0.7018613244087639,0.6925876931207195,0.7417610353514172,0.5784466895809821,0.7059669589357931,0.6925044704788696,0.7436039055421091,0.7002050149749657,0.7353621011122335,0.7895142027722306,0.7123839651632959,0.8425436439550005,0.5961061369854086,0.6846913523874623,0.6872466948985707,0.7996674013351939
55,2.8445705339483585,2.7086390574119683,3.746046427590386,2.5130474706574626,2.878251272231509,2.9153442448751434,2.67693129261783,2.715405186342223,2.5065153542874903,2.473296454276692,2.063299989808087,2.914168432051902,2.6656551122739174,2.6469714677736746,3.1478665231992373,2.69759552000167,2.7184895417302037,2.7047530257262817,2.9766070308650896,2.7148256223593563,2.646117920524805,3.3336426072366496,2.4801824526401894,2.4611547798614293,2.6577511015339255,2.999009905416301,2.5401529437970627,2.679178441571441,2.466424901249276,2.698430245770158,2.6863819477478437,2.901828906294119,2.7355141099413913,2.430539186434431,2.737422523861966,2.6306126003078205,2.6938960585736367,2.500251846649288,3.1022979738157126,2.693775709857519,2.5137577652687835,2.996777922175481,2.8045257059932567,2.8737806108958988,2.6075407932678516,2.6990052629355237,2.5893956468800887,2.744156687552586,2.6907464377640906,2.908394385791622
56,2.5328822275991527,2.4218860681210774,2.652954812454528,2.314465092597443,2.4208727609782663,2.462194676008803,2.6266685896744892,2.53529094784383,2.4115826394362614,2.35091520104962,2.420613538467279,2.319130605730235,2.39221723895772,2.3268092926553052,2.358740469281681,2.5286835170701565,2.5549427227074286,2.289146670669551,2.408048937642544,2.521751675191773,2.4850577105839164,2.4321462810102545,2.5415580710865733,2.563287153206357,2.454791945111401,2.383889580682215,2.441930671110569,2.3546557453230683,2.4125162733020193,2.388081242498277,2.6145682039629214,2.370785655658045,2.381307836618145,2.503446207998344,2.487738080158401,2.540825998435192,2.667298762849944,2.40808624411536,2.4668430455091546,2.4497806662296284,2.429930082856302,2.4219533796311588,2.46656487366711,2.654473683115624,2.423645028793832,2.611406710710277,2.484158247109864,2.555713507094718,2.3392587841320323,2.457455746862962
57,1.7986531242672967,1.7887597870690097,1.748798262313878,1.9625894617883248,1.7459168983113589,1.6463767144734236,1.7700808585814585,2.0709936257161203,1.8824300056983034,1.9456072163758638,1.715267966641222,1.905848308603149,1.6630200558765305,2.0288744102719836,1.6043131380247324,1.7930935860496557,1.8807497747247712,1.9860748759494116,1.755643753477404,1.8317731604863425,1.7575275534076304,1.839255544366706,1.904982089203834,1.8206232688753161,1.828532270918334,1.7896317037661489,1.8159871121725848,1.7483898784444776,1.773278907910223,1.7907166639136833,1.9039774463553307,1.853946755269618,1.8479736841615306,1.7093350753336427,1.803470286679186,1.7707867133044317,1.8432398874856943,1.8085294251112067,1.7663886540218012,1.899724874729932,1.739986668713989,1.6733613532341707,2.0373430943552435,1.7367176469821288,1.6643268834397205,1.8037884608462988,1.81114649166269,1.7758810693365046,1.8098126531701766,1.870682576843265
58,2.231015468387138,2.1214202770958623,2.118891629723038,2.0516235353758496,2.0974904833531287,1.9284461663895875,1.8748149055671268,2.1110086084713977,2.10995330745218,2.075924686858399,2.102590485595506,2.069027150503101,2.0929073922521333,2.132146716118541,2.085340557330216,2.1032148736449834,2.0445722606163343,1.8838351336750994,1.9687796233714039,1.9271325028687656,2.124420404914188,2.0612132755075514,2.0403142681683315,2.012312591931648,2.110684167600523,2.1140911645815663,2.1269364384501426,2.101941573471242,2.1452193679850513,1.9554032802998087,2.1180748599295693,2.041799660682278,2.1602036704230736,2.038388399900228,2.021781189230925,1.9963931132397903,1.9603253958813394,2.066699160837679,2.050505613659972,1.9419394449157021,2.135873246248451,2.1074770529291804,2.00546931252952,2.0967158501850545,1.9332352486929523,2.0817505087510537,2.04549924867859,2.1167851716279156,2.0548028978265,2.2607891774868065
59,1.5752290749437288,1.57131732272709,1.9826680785756423,1.6662116808697063,1.7539350395979962,1.671111303739436,1.7104434277833391,1.5373647780974737,1.6573551947598757,1.6763758996952447,1.8257860172228826,1.6259308274039572,1.6700098190763892,1.7488928567698556,1.654115187047518,1.7983019266500984,1.6464267025233141,1.6994789747057273,1.7388933095333776,1.848106672808612,1.5256504792435273,1.7771242777972258,1.536751713573107,1.6579727626004725,1.7397403752265497,1.7553215082600202,1.7650170253100184,1.700616352475329,1.8355837482610644,1.7016089496000166,1.7007664377461928,1.7536650832620495,1.6939259902121826,1.742664863101469,1.7513289857392338,1.658347840419463,1.836273702017026,1.7245114425301296,1.7347267189084743,1.6621627470827987,1.631848383653562,1.8189023090412384,1.6520761126743722,1.9359654632532184,1.8308790896412166,1.8119050008946438,1.6819139525732467,1.681262055468025,1.6449110208520485,1.8174060870391582
60,1.9108571691732656,1.580663687678154,1.8419637216468843,1.762851351905332,1.897962142762653,1.9693673449786218,1.8294095888696766,1.8567774267393338,1.7997987515359437,1.7480646464464442,1.5870018246586284,1.889506541146,1.7286835993104184,1.8651267643999425,1.7949092578219137,1.605905135591021,1.7662554425417927,1.7395411588981116,1.7452391487338375,1.905658942992634,1.8223886287921847,1.754122200260758,1.664976555771771,1.7574204377398202,1.746930506500929,1.774903408438476,1.7015029583176897,1.7780350776675462,1.71717004711474,1.8294254702180055,1.793932985531292,1.769958025710666,2.083411825348353,1.781805329936547,2.339722438524646,1.7946434947511634,1.803958119956952,1.6961170462382746,1.7615214654019873,1.948876098540218,1.7570108018431725,1.7727130866187313,1.7758871140950845,1.8896806766246659,1.8873383976614058,1.7255532707474854,1.6825101317832463,2.022593531486586,1.8219516083514264,1.8416675748047613
61,1.7200332908087361,1.8117881050980715,1.722524868842397,1.5943301960987384,1.6430599684384157,1.7305709719460154,1.7941700868824988,1.6942273610472913,1.7636219642822724,1.6642752440528783,1.6947346102432999,1.7588872491937377,1.7418181413499587,1.735966950748689,1.7371514652527367,1.6793138074415448,1.684759672494141,1.674570791871762,1.6700224581649117,1.4456732594281672,1.69593563914475,1.7501388029694276,1.6212235910851844,1.6789056168206962,1.6968336920174423,1.7888909525400072,1.61709235006556,1.7147972291904523,1.7297560640326548,1.6710378056039303,1.7679671025639259,1.6774010571028075,1.657646134228278,1.706717178547133,1.6659514590461875,1.593621435134617,1.6443199580440955,1.7458607550319591,1.6191130352842644,1.6736194538839673,1.6871558101796076,1.6978949383433921,1.7013900477760426,1.6997943278424756,1.7176414227245278,1.7271333937207989,1.770202569800766,1.662274749290909,1.6486565695685416,1.7854776554824028
62,1.2273141980499558,1.299157818512997,1.3831166611316217,1.275783234704436,1.452108227492006,1.2137784407204935,1.2168133904268323,1.3514661816267657,1.281784974326551,1.3437492322476556,1.3684404790241351,1.29753663613098,1.4347638686460567,1.3590134808936085,1.2816965493860226,1.2370827210780901,1.3378627883149017,1.302698099530228,1.307890089371984,1.3243164860089767,1.1998917433105643,1.32695158410518,1.242266015829708,1.3319565476471524,1.3220101718609598,1.4248988347974834,1.255232754519958,1.3223952220962403,1.2678245904357732,1.27891555672405,1.321800429974994,1.2974978168959481,1.40701404841856,1.3280848889250336,1.2959470831954345,1.3178211744049513,1.3058825196346415,1.2831797430151726,1.289203300707983,1.3251337071504832,1.3578609389013572,1.251716352525687,1.2381300615940685,1.2477797477372814,1.3553858411507145,1.3560751909004929,1.4206345507742775,1.3608878070749615,1.32453734832486,1.4032606540758294
63,1.4493588864695406,1.5713816076351552,1.5388024785342722,1.560523481317429,1.6411324753462084,1.533164090529488,1.5481780959681988,1.5986163811614231,1.5510100786340413,1.490489919012889,1.5243341005676778,1.4858673636903976,1.3542677276357988,1.5668495013721815,1.392330559482886,1.3467430256550768,1.6254838399776563,1.5677928551405647,1.5918485529523991,1.5557074125128825,1.643214953520582,1.5367437559116581,1.480981221197025,1.4667082302361294,1.5631938275519062,1.5049081889282676,1.6082001664546173,1.529924241479577,1.619433402250384,1.6248880731364732,1.5669946834643707,1.6445537565928703,1.569896334688778,1.452124968614223,1.4839893862525901,1.5814579069798977,1.6519122500010939,1.513793858788656,1.6376940050023618,1.6466478963313254,1.6406874761292016,1.5261356532008357,1.5194927770011262,1.590363095713835,1.4964524166794462,1.5944732765655374,1.4976031649455095,1.6648006585866444,1.4917289906805422,1.6471277498263444
64,1.6815001663227571,1.7099964548788327,1.67734814005102,1.6693859934755868,1.6986929120712615,1.7062531927093207,1.7097520084631412,1.7045892250313548,1.80131831807702,1.7594644656364942,1.7348825044921101,1.6745700099843521,1.6660858457754721,1.6394654251400773,1.6978212901380898,1.6975211742739988,1.7348681000452597,1.7168843721799085,1.7461063562591903,1.9064831687020787,1.6410132971259372,1.6460454355988379,1.7703689703632097,1.6574421081035986,1.6795681973877272,1.7064687003232795,1.7387831329800951,1.713270492153768,1.6490993603115882,1.6711880958479646,1.7100667197168775,1.7542665403773512,1.6515292977767615,1.902153163086485,1.673572861788525,1.728253519144662,1.7646363350435212,1.7655856585519452,1.7861892852958174,1.5711176921041083,1.6727893966895166,1.699156324083953,1.681455131616616,1.7548023687393517,1.7134453934825,1.7791690417862291,1.7535290833442918,1.6590187425287652,1.7388221534955357,1.7695823305289835
65,2.2943280981633336,2.163291702339457,2.180859310785621,2.128603034421273,2.1466126763232882,2.011539445595428,1.9499082210822447,2.190597713328305,2.160378897078459,2.124775393737778,2.1773828572699045,2.1327803771854867,2.1516773515405845,2.2070407565437336,2.1347149254355564,2.179207285179972,2.125360054373335,1.9673651433065196,2.04654560594512,2.032927299097558,2.194900294460423,2.120649560015199,2.1200389266769473,2.096400898740435,2.1817633111155335,2.1768547436350687,2.1833134919689687,2.1537752020040966,2.2074731238788754,2.032170973022904,2.203707457189318,2.116584768172288,2.225971304626592,2.111718355192192,2.1102265528533977,2.090488551796506,2.022394532709331,2.145954510563307,2.099599618119001,2.017597306917292,2.1911371547630054,2.1564057586122516,2.0759128477930666,2.183904171151573,1.9965216615603048,2.1486039838370248,2.1072086739814058,2.175665754812,2.1433343282885713,2.304053255727659
66,1.8450471777394415,1.9318378023990679,1.9465529195102196,1.869064037098104,1.9078809443966733,1.8573375019665121,1.8561724645334703,1.9316565703421915,1.8502616505718406,1.873206483502004,1.9121532760415274,1.9329868402606136,1.8621726291760936,1.8363869757381486,1.9335430170553254,1.833725702789705,1.7682638471058763,1.811218043561829,1.8078104907339387,1.836512638555126,1.9708635623844444,1.7780827762159186,1.9082295901920583,1.910879334886891,1.887853206125964,1.8887636808992836,1.7118758301934944,1.922216686505017,1.9788624747017405,1.8300129913154275,1.8358050280842808,1.892296631763923,1.9023115661820498,1.9082902662366195,1.9030385489368982,1.9867794458059898,1.8532223285686364,1.9754832881941375,1.8106435352625772,1.8430010375790893,1.7373031938479429,1.7658776052345377,1.892945334133957,1.916178450993363,1.801278316168317,1.897843612967387,1.8945205089233044,1.8305007725683913,2.028294280987817,1.838597622271351
67,2.1943697814486445,2.110140680482343,2.1250286653787818,2.0462995735378495,2.0974207037465193,1.9528833480845798,1.9163218128334645,2.0959939872562465,2.1208188435234305,2.079602062857248,2.0984495240053995,2.062245068544354,2.087714913121829,2.1265042672246395,2.078567851206188,2.091525724827461,2.074000906452568,1.8846441155090021,1.9631989361602482,1.9136884864422203,2.108183681240938,2.0688293891029197,2.078326396361536,2.0587244971165735,2.121976948494517,2.0902727295020753,2.12336134099753,2.105060396983294,2.1571046307948674,1.9500399906116286,2.148258776286042,2.037436452884675,2.152271987763056,2.05079645983416,2.040346329547564,1.96728487918773,2.028588517662354,2.067306011355033,2.0162907127524576,1.9628657679914667,2.111724317954952,2.07421316969986,2.006396379808688,2.1342357129713037,1.9315452736869503,2.1029000754417617,2.047576520066899,2.1161477671155193,2.0697309173802894,2.245643551610236
68,1.8118874306355346,1.8781684316069072,1.9257358989013955,1.8932035563975944,1.8888513213443714,1.8275605578695924,1.7648378434875482,1.9933994303104907,1.7796127488307958,1.8344137577826003,1.8160064895979229,1.8658196261856306,1.8368107326989342,1.8426452219178624,1.886590840081662,1.804467248570135,1.7872576825774509,1.7954829342115923,1.7816149130794976,1.8144079764793553,1.8962403404977444,1.753422785170609,1.8537334524758666,1.8636545748869455,1.8729868171017081,1.9036200123352458,1.7520341356378086,1.842508721240737,1.9290717129140713,1.7702564557761802,1.7906062955487991,1.878679228379628,1.809049187233482,1.8114637627792458,1.8538194396983627,2.0031502130777152,1.7854986851218428,1.8920515602865686,1.8116292561170488,1.8438016546376286,1.795326830414016,1.7646896600425812,1.8003742243439937,1.8486091019984006,1.7387232728631494,1.868661049533638,1.8573116139363979,1.8313007502577814,1.8986973905695983,1.7991535237077834
69,2.1138121988237364,2.2400156741184625,2.424337454062499,2.059080165616976,2.131970210615445,2.072901049111181,2.132787427376485,2.2262064105865673,2.0613643080045803,1.9815339488834467,2.1822358056183795,2.1238944840793126,2.035193581672514,2.222795571795329,2.224776335126018,2.0721750167258053,1.953265752604528,2.107166881944168,2.1623364404282093,2.157929114624798,2.141107376061097,2.0922140961807045,2.0913394731984747,2.199925399494836,2.2986052239960273,2.1687802489216246,2.062422025425695,2.200514858849374,2.1673859830641895,2.080135094643859,1.9988075554394236,2.291809497975528,2.1071174939506125,2.1241328159147272,2.2459547147944257,2.236235475245664,2.164592435281154,2.165240843773505,2.0512562741449343,2.2300063112415147,2.207064733925762,2.1016739991023705,2.1980634558272296,2.226855393153137,2.037504498813925,2.346381562478553,2.157837146490415,2.3105227293432864,2.072784053225139,2.037487802636484
70,1.2266327611548606,1.2476297174975617,1.337000284290605,1.2659371566977091,1.2836414527925122,1.2193775830982614,1.2467005520512675,1.2299836604126417,1.2749449417877887,1.3121828584449626,1.2718704166891648,1.2273137218109627,1.2271956050284487,1.2239866360896556,1.4077789837892656,1.2775619700009049,1.2529071076393965,1.4281817135955306,1.254987542194538,1.2889495385047178,1.269785368493059,1.2272231126905258,1.325963821825587,1.261107599639966,1.3334057308540324,1.2503788284423134,1.2320100709125192,1.2674098761218477,1.2977566175835218,1.2441695157982977,1.3537208548136013,1.2011229069097231,1.3764850382273845,1.3279326992269924,1.2865530086204693,1.2073669631430048,1.25829806625321,1.266869533350551,1.231144001555056,1.287491986306864,1.2532226660708154,1.2543122729760476,1.3077989635317522,1.27430709158513,1.2426181133765368,1.245544675818428,1.2141047262074736,1.240751133031642,1.3268758415331723,1.242074690512652
71,1.4152049446167458,1.4389779899088886,1.4360544955153784,1.4492936343039187,1.503387329520459,1.42312921077664,1.3798729654670217,1.465798434442222,1.295485031735912,1.6637541808401721,1.3822680036768276,1.3530422839351033,1.8299893902392177,1.5148809744776122,1.4305942999580763,1.467342658746202,1.5845937963437553,1.396770022166483,1.4074725505484693,1.3612822427892928,1.290662855241985,1.3807506247677903,1.5711542769597049,1.4077210250435588,1.4676401360178843,1.4237374934937224,1.4889050977608767,1.3630693300130723,1.4552812986740902,1.2961674926191176,1.489869010869743,1.3278134153066112,1.442093954541292,1.3500456599160113,1.3568814076745914,1.6231600401295623,1.4393760171552592,1.3672464353440361,1.3972278613149474,1.3418320983139314,1.4413362647065675,1.3724668826246855,1.4354521316539817,1.4045948600265827,1.4985374807294907,1.405421690951668,1.8141817655531662,1.3276931096429525,1.3814269087195603,1.3894842298329984
72,1.2240694722796315,1.2622393520578257,1.2328512868293338,1.3797449083033468,1.4296961610074708,1.2842489233597472,1.3049626382605375,1.246187696478575,1.3084161827860497,1.40325660452649,1.262438204061601,1.3264835182847907,1.3823054332052989,1.3067022208805015,1.2072853709574087,1.1858828626383655,1.306592657996772,1.245049060095579,1.2254322268218765,1.3779962418146434,1.3459849339394143,1.3679533814268008,1.234241440319015,1.1824625882294484,1.2293368757254246,1.4282081997084344,1.251859090420142,1.335608708565303,1.2594708646867332,1.2776069085784036,1.161522802252577,1.226804805045953,1.2203605544170664,1.3264067891656657,1.2135589377254377,1.5498706097432695,1.3616292155830685,1.2125723129773114,1.3096224124300822,1.2655390618487559,1.282600273051628,1.2285282342741137,1.2578213274646366,1.1977374116810386,1.1798575184673012,1.2087383709021031,1.2910483674897648,1.2614412169429956,1.247610835901078,1.2567800950910506
73,1.7158951681211807,1.7675757181271807,1.7792991028943188,1.6418597384184084,1.8306262289403081,1.6313607140425876,1.7161852963739683,1.7670825854484467,1.6454423221567067,1.7934303433337613,1.7719101591968545,1.787342004395235,1.8401554256807149,1.7209986433313613,1.7117340863203694,1.7085539132904057,1.7857851011040307,1.7445543359684152,1.7376243056354355,1.7659689985765983,1.725286159867574,1.7703036086600967,1.741604191709289,1.7121894803557751,1.7158864376081269,1.783520392434232,1.6394104905542077,1.7264300999398756,1.700337445072205,1.7214888286718675,1.7495455773404096,1.7015601123813582,1.8062424905893746,1.7916828770413264,1.7537836368878317,1.7353560845674174,1.7033218211810848,1.7110724102141708,1.6364784926236338,1.801563837769443,1.76336102177455,1.6786809566871277,1.5900771321466642,1.686638644981639,1.7178890749291629,1.7093403083297645,1.8235306208422841,1.7240354942625036,1.7789614671883662,1.7868181932073064
74,2.897934327509841,2.3412843985720784,2.0464995480039576,2.2620912953220724,2.367341116536635,2.4211006973809335,2.3694751860232888,2.8396892461117496,2.310521805572475,2.936292745002806,2.406122620114399,2.87670496148694,2.3760666487534756,2.412837201903593,2.3755927756795234,2.1261826081743362,2.3823436926429524,2.2801289275665875,2.8852867081734868,2.00577633480715,2.320658164511223,2.3285900643427304,2.254898183392342,2.863741567085345,2.2708861881663487,1.9918554213873643,2.84715474780678,2.3651268210725345,2.3025885917910127,2.353258848038326,3.1544275345868975,2.37047999104618,2.1410283956871226,2.3461279827733668,2.4390344241862536,2.563871657881913,2.3062037710276773,2.2595414879185114,2.0735161666911015,2.3538187173017704,2.3553639980890893,2.3537553297594185,2.3716318222390607,2.4093483356876018,2.3623737871938957,2.30636119314837,2.337657730381194,2.3365040124518295,2.1319217899287324,2.3493035866927414
75,1.61381539772432,1.68619090513101,1.5542505373634228,1.5818393090871812,1.5595029270928058,1.3432734225295153,1.550440501332556,1.649405736762327,1.5910157476156703,1.558942578817291,1.6516010429682577,1.5500630357020277,1.5231849403009057,1.5431548798494914,1.565546712124707,1.6259184212407742,1.5878550603331698,1.5469541224316448,1.5900387479634404,1.2542708961394524,1.5786634431951416,1.5540926429396933,1.6407669920893064,1.5884070748532608,1.576258804335735,1.504033424779939,1.693349412194145,1.541103786709189,1.6174572174853101,1.5616888394676431,1.5691094521823876,1.1756307680124265,1.532645912752006,1.5795798163103543,1.3573707304348197,1.5637070599941154,1.6154703423931887,1.5751420394063302,1.6360638414407944,1.5565174540638154,1.5961161155920234,1.5911253117112412,1.5201623599967604,1.6009455023919,1.5409742939887963,1.5789820515969173,1.5938265428816045,1.205643570610059,1.5314115445524124,1.5000866122503957
76,2.1707173014521324,2.259752719352896,2.221169020633896,2.3538894596602793,2.299189550376468,2.322775108197625,2.1781685289148065,2.2101200892182167,2.13389385984774,2.1809525850792966,2.2873508757756325,2.0653463921557833,2.241601397319352,2.2096070882889096,2.2282752980855776,2.185290033801169,2.1531716907947303,2.2445322934661878,2.2444182152261085,2.2291071859268694,2.1346738605411275,2.237539766502456,1.9549692074323364,2.3218818284223772,2.332438663487718,2.314855569178116,2.24153907443307,2.2562968522687825,2.2618258259559205,2.113223118969713,2.2491396507594015,2.316774199636278,2.2213725534218085,2.198986041202536,2.3054452177705187,2.1091533632567465,2.1800019725455995,2.1551089201139053,2.221474659609738,2.216483202821194,2.1479343019141766,2.277537791759489,2.3108226099715132,2.312512545431952,2.317617352801417,2.3286886385863887,2.2798851222053678,2.2548337529368636,2.1458706403881096,2.292924499009068
77,2.562693680512675,2.4283015200022513,2.68092968022,2.377203743411595,2.4424108176365227,2.4516786212884547,2.5676645657673944,2.5410693816394954,2.4327879242383332,2.3871054376660945,2.4247457853397343,2.3639222239848996,2.4252492718817074,2.366762887559865,2.371984907758664,2.579164289065872,2.4975777084445205,2.3971556968657146,2.4348583611762606,2.6007176093540707,2.4625681294441506,2.466951345897577,2.4844356479626475,2.525953883776113,2.462595742102815,2.4212666780246295,2.4240299572854624,2.362609153961028,2.4268481374666564,2.427545479732725,2.55308105360007,2.4442839666535114,2.3587220458162186,2.5350645994696173,2.4953121614889255,2.5897282814951055,2.556305218338025,2.4073138050721,2.496184892660274,2.4725452760562203,2.4506603160008638,2.4618329420731477,2.5008877068532698,2.6318849523294876,2.453482661494533,2.5439364588390374,2.411601846724084,2.5400716597986968,2.39410153504568,2.488545541454677
78,2.2932221059068887,2.194601694745578,2.2504431740784945,2.208255433058733,2.188503946421065,2.094000942801191,2.0047126500267822,2.243363905275565,2.2133332785534066,2.175491127174036,2.240198520021746,2.1841416076393774,2.1965588537446976,2.242908887773673,2.210121150029,2.2543533965840936,2.2011368334574897,2.0220194940323553,2.1033075016109457,2.109631299747665,2.234546652076224,2.1996803652931938,2.2119594950301176,2.1872716458332846,2.2447615473412554,2.2443876193786565,2.2376029639676442,2.195364067421874,2.251245269104169,2.067071291023094,2.2576994476663863,2.1530105477466286,2.2808783332244804,2.1811519675888213,2.1587395907813587,2.1374554663430168,2.1171024788298265,2.217923244733619,2.147564453722161,2.0871365353607576,2.235732369313567,2.189954018897218,2.111054932887475,2.2482685929450366,2.031364076319605,2.1902480736340966,2.1453963734673778,2.220134395372476,2.214832268686953,2.312714591132277
79,1.7755177836343257,1.8512778590820265,1.9004905948696802,1.8789436123558314,1.877293911966106,1.7950086806507635,1.7328625410179583,1.990630549745311,1.7317376404139635,1.799775424717773,1.7706663643256988,1.8367940404768417,1.822305298340268,1.8261919608403407,1.8578157841282348,1.7719694503223415,1.7878395490881758,1.7667266272047613,1.7416620837014936,1.7705913449904944,1.8401004262101495,1.7296333199178227,1.8158772646856862,1.8236903604195973,1.8652287406106485,1.8677201290197472,1.7562928212153954,1.7945615086162547,1.8900022659648297,1.7389672038739254,1.7597460115500496,1.8563967863070676,1.7571527734786017,1.7544504016321856,1.8149685214130855,1.9941908349256536,1.7505769469225023,1.8453109885313435,1.78370333058588,1.8117718850831341,1.7803604370499784,1.7532018573641288,1.7697897888208889,1.8033045660755143,1.712237046601226,1.8419292614690623,1.831532526673291,1.8201808839418407,1.8568922414178957,1.7867121223691136
80,0.8842904635356508,0.9261038179899486,0.9254462187626658,0.9135102266549282,0.9992241280764018,0.9247381423603622,0.9410165236237598,1.0664765350622956,0.8806521751853307,0.9242124837622456,1.0697590138626722,0.9126887733336346,0.8772175462065839,0.881516319996015,0.9394985096550972,0.9875759579266497,0.9338226703558794,1.1378411692039494,0.940538882870948,0.9079224799088683,0.97047020652413,0.8927226791429685,0.8677063760815464,0.9042395418040305,0.9067781808558326,0.9227463901512145,0.9047051721205794,0.9228254109888052,0.9432682779156716,0.913236147219262,0.9364133502589076,0.8662856214956332,0.9463510651720426,0.8985737637117438,0.9108447556863588,0.9140243454374541,0.8899007756703021,0.8946661663843969,1.132693913281683,0.8913563222391243,0.9379624247433362,0.9285389175463088,0.909066613128731,0.9381669972996729,0.9137625117545696,0.9256801888936721,0.9027180264181496,0.9388538311816497,0.9313814294551332,0.9156300505099466
81,1.7707749316218893,1.8640271743993306,1.8553006649320523,1.8333188575870674,1.850693827933171,1.7786250601292792,1.7511477338052615,1.926410310165139,1.7063979659255706,1.7826308929438697,1.7947709141545047,1.8428389044878362,1.8424415830094745,1.8044885980162713,1.8358380092796889,1.7363144754780242,1.723514355216384,1.7289695511584142,1.7127314716824102,1.7235838342825822,1.8547078464330014,1.669983731056507,1.7519550925439384,1.8167940761239745,1.8510640571418104,1.7895126303682556,1.6829933351702735,1.8144143027308708,1.9154180041855984,1.738784645276672,1.7638777972785862,1.8228423130983131,1.7702268813025306,1.7612618774768087,1.8202346563029916,1.9719058834403356,1.7489926630643433,1.8261889157161786,1.7115855063373098,1.7655989470654596,1.6941310665299731,1.7258621340762197,1.808694441228333,1.8167619202000633,1.7349754702344748,1.8263355413069737,1.8364262767799486,1.795256011731548,1.9320261785756845,1.799285788257727
82,1.7833784991233852,2.0034682578278584,1.9566459621657941,1.914721384777648,1.975753477131792,1.8481134083438873,1.8274780919726599,1.99814672004617,1.7724324061435244,1.7911842518131618,1.838547979073084,1.9103740234681164,1.9133002065273157,1.9456193333621052,1.9291909460974042,1.7843867247209406,1.7744579204148447,1.7949238245316534,1.762351219946698,1.841715364391682,1.8534964340811868,1.7870412918372756,1.7871913480610306,1.9541491626512695,2.0602628597794848,1.8257130455126518,1.742612364207826,1.9403238748545348,1.942528963881955,1.8617123559757935,1.7595075991465432,1.9890422779301886,1.8084547878215496,1.8052934346138656,1.9130795267713712,2.0970164572193095,1.8346698015789618,1.9537964205607814,1.7977800769054033,1.8783002968420455,1.8172680842561775,1.8551999281608982,1.9567065197835216,1.9349837797850062,1.8262154911797261,1.9642880457715424,1.88439045556954,1.9246258205632376,1.9802993598018488,1.8297349204874536
83,1.5331842735560137,1.6611223490960203,1.5990966145798016,1.6359492985395265,1.725358238736602,1.6428677243162664,1.6284030157201013,1.6536087549640293,1.5904398771091435,1.5892000543083622,1.525512108789906,1.5479619871551868,1.4983231043132363,1.59941337037846,1.4453176420953824,1.4300726214173096,1.7039758290472928,1.5526563594673641,1.635358556124178,1.629978658442921,1.7639762941379065,1.612199066605399,1.5862112911521997,1.5397242641755007,1.5729810176524275,1.5618010346391418,1.618760151927174,1.5702010777799913,1.7178083114448617,1.692164157488007,1.6287934361579612,1.6256420710683273,1.56592897840207,1.5790131834507912,1.4634921519539583,1.6538145974388048,1.682861468166541,1.60485475812016,1.700826206134721,1.6786744780645968,1.7043120547438484,1.5348104456284268,1.5422164845912185,1.6316639220805698,1.5594919592619867,1.6526373772408185,1.523201650554003,1.6170693984690754,1.6032237857050706,1.6710658776507294
84,1.8205138089312933,1.935976549522965,1.9204877869941939,1.9327631241817498,1.9643411624410314,1.84690939159389,1.8190847469264586,2.041561123901893,1.7867445395341086,1.8563670162450272,1.8136937379227813,1.8959314138588388,1.9052083850570192,1.8783589647139682,1.9023179103729237,1.776581510049902,1.878145926899407,1.8219718610320363,1.7814820301935903,1.7817520204717923,1.8652618723798042,1.8210917189798792,1.8522802361524455,1.8574118416658525,1.9248428335722796,1.8853805449914491,1.8327588877742986,1.8608255233163433,1.9510682200034495,1.8019418954356645,1.7937333236586737,1.923361843014602,1.7663519480481042,1.7909816827632898,1.8526372539449518,2.030955485330397,1.8144193389970291,1.8683483271533285,1.795911913492822,1.8466533427614547,1.8364824241769107,1.7953247949013047,1.8448601447052155,1.8373445595671951,1.7787139758829174,1.882847917532262,1.9120373850199943,1.8830563951110966,1.9009589332515855,1.8758125493276125
85,2.5869646344634702,2.6259452607144844,2.9397693812828507,2.40566025688189,2.5441750725289225,2.588049881065917,2.5398927117913814,2.5361203528468623,2.39901113411353,2.4174191484033063,2.086488323963417,2.5426322947460704,2.59159282808222,2.5274412240850097,3.082723384863783,2.4866755878451343,2.5076009813248135,2.5149228554194387,2.8084661503509594,2.5327454849826196,2.603115705509051,2.6764115799555217,2.36317079370745,2.371638153988867,2.5100663826768557,2.753791396481489,2.291260521744647,2.5265643307300003,2.3787136107862406,2.6144675012304646,2.531706568935089,2.5411464261448513,2.5511026776884798,2.4030836859774554,2.600396776858428,2.536067045418516,2.2623612370387636,2.2638489330112677,3.0977216066171245,2.5427357906202275,2.2406166072087945,2.782362472936252,2.5421817153342587,2.5411360312791484,2.5300804714151752,2.497964062047889,2.256553413098576,2.5135528173070814,2.5391965308989732,2.5292119753682405
86,1.8148907022410423,1.8602244418496348,1.620615798627501,1.593412994733173,1.7874108454806608,1.7744709752246326,1.9537736654109796,1.6956746164021883,1.794086180499102,1.8324516504779433,1.7375941145500722,1.8434917014570331,1.6532829265538522,1.8771683416185283,1.8182064636971056,1.5992031741044177,1.8470521351809879,1.7752132546670396,1.8825524402556297,1.4003841575883111,1.7750601537549615,1.8156216405610062,1.6255721899554532,1.8828416683803262,1.8686203533069854,1.2894775879890195,1.8929648304734572,1.8099450530437302,1.5160003291683992,1.5581725099658401,1.8552398217071975,1.7877770678583147,1.5768975982607785,1.7670221094659349,1.8868344928755505,1.628590634539428,1.8340316134171966,1.6235460258074461,1.6697962535779443,1.856301077633109,1.87752584346482,1.8853895850917244,1.7817474161511608,1.7714923380577026,1.818445981621462,1.881334499083616,1.7625361754273485,1.7687844647229145,1.635073087937279,1.8781559968002863
87,1.8862270972646504,2.0245182120392693,2.1051822717933177,1.9433739460274646,1.981840107773876,1.912614197065217,1.8519122787264557,2.0669660958636547,1.8587455937212471,1.843111847970007,1.8864763671320492,1.9154830089281507,1.895352967894068,2.0069361709018967,1.9942861687257558,1.8838115491709821,1.7959553150162595,1.8763998348666409,1.8781770863252252,1.9273203006847748,1.9331529204521818,1.8710187356825907,1.8933099742822792,2.014538704965677,2.083981797679563,1.9588538983148478,1.8109831739700573,1.9639744268251391,1.9899516338481593,1.8729808387751503,1.809264638720876,2.032180777129632,1.8823651546996754,1.9070178414713723,1.977422100655156,2.1177073771616346,1.90105520541996,1.9924729546529596,1.9115240346684161,1.9967829606734533,1.9489113741481248,1.8844643577461468,1.9521342169962566,2.0069015975081923,1.8150926750234722,2.0579681866000343,1.9393052193432618,1.9870952890491065,1.9235477856986396,1.7989585083140227
88,2.6563658680250213,2.631270527418211,2.980222787720951,2.4293227214325874,2.5138330553079484,2.516542358013737,2.824742033260083,2.660504592911181,2.523104991696357,2.4030806500023854,2.669075910057259,2.387609802148609,2.544885449390822,2.5097867262739157,2.472649465722668,2.730635194309226,2.7924592568627453,2.4887604884110885,2.639303087296163,2.6805263941640654,2.5847300510667246,2.6970650849887665,2.7386161880484536,2.7916572998977998,2.6051962143997427,2.568908778655537,2.5528152417787418,2.433869675177842,2.6387270457389196,2.5946747580907434,2.81911889785858,2.581348644106491,2.398274523652889,2.6395503365370914,2.749718586036785,2.692493178594429,2.8041634250835727,2.4945603756158405,2.597841774842582,2.5918031358813067,2.590078936037962,2.5943935188114438,2.6162895796705428,2.9065586903815976,2.5988380404336375,2.796115392813567,2.6342176829205872,2.684301152708743,2.544098872273919,2.5600466436566265
89,1.5421281763950976,1.541438055728122,1.9869883054729893,1.7137794455561766,1.796827222175473,1.7377897937923699,1.6975592021434691,1.5887098160407649,1.5242196429842032,1.758999752168986,1.846605794143537,1.681612964263726,1.8086790658505798,1.7513836502762574,1.7491507686730934,1.847815020189354,1.7032665803418752,1.731298637959792,1.7203646870189537,1.8946559061328525,1.3538844169139992,1.6903091259045286,1.562274104581718,1.7291023904935479,1.7495714307111818,1.7396104282761478,1.9100537270100375,1.6969931852240627,1.8147677848841655,1.5722097388347516,1.8090383602712627,1.6737199143308388,1.7043723311616006,1.746625230401417,1.7614119540161952,1.8303273078166917,1.8130004448209647,1.6750982554225349,1.7101931428335746,1.6557285567481257,1.7497679151201737,1.8541655432881345,1.6739035445192805,2.048428495510314,2.0209761599284377,1.8528680917769602,1.7219903341645981,1.6686946568912422,1.7152402757904568,1.8733789867314616
90,2.2139761148622057,2.0372092960383057,2.0325764449067663,1.9516255392607071,1.9315378826594567,1.747006569035559,1.898014486767817,1.993431984767752,1.9964952106364535,1.7215890632909616,2.051629904555824,2.0135881186183475,1.9252247717294106,2.0271236920632356,1.9900484832528686,2.155444001483774,2.1331181447583827,1.9928057416366798,2.0803903457926154,1.5386538105288956,1.6983253145034478,2.001193493989442,1.7544265180957477,1.9725875962875516,1.8448783870620247,2.020608106678859,2.1522135945479537,2.010670353132997,1.9728708946533384,1.5529131119595405,2.0305172286532738,1.377968512559324,1.917635082418812,1.9642151862143673,2.0542556846244615,1.9719679303663291,2.093289489574294,2.004681968389068,1.9220612167289115,2.0272254496197064,2.011941854671891,2.2016383090109386,1.852536549101636,2.0198261995065945,2.003038391351801,2.073554750671076,2.0083773995287553,1.928086889985232,1.9725791985810588,2.0096036255638836
91,2.0049241593470732,1.9436183289029962,2.0091105898549646,1.9700396545755403,1.986745458747138,2.0266786478260466,2.0055692462412704,2.0595540233349556,1.9844028957628659,2.053558467891575,1.9714192045656735,2.035256450156645,2.0095012680833735,2.0033568018650723,1.8924815523725753,1.9642723952127454,2.076532449602574,2.009265847073499,1.9482180743725586,1.959861427893423,2.028936647781718,2.0075815768992378,1.983175205279105,2.0061952554459594,1.962897646742345,1.9828101926983113,1.9556308442819441,1.9653168094443814,2.052342392903589,2.0063045306840506,2.0652836095936253,1.977096894351753,1.996494691892135,2.0213552600421956,2.0050525418750214,2.019535754775305,1.979523976470131,1.929940678318812,2.042257604495383,1.9624565308296171,2.0079316652383277,1.9027492350758308,1.9791617446482448,1.9722522809765177,2.007981894996199,2.0445175837611513,2.0071493711840898,2.0042558443807232,1.9897374158556929,1.9953287066580856
92,1.4522350696721382,1.557347034623346,1.5657831132346764,1.579575580880908,1.535714174776583,1.489165388555962,1.5203203209076195,1.500129363757413,1.4338594229365604,1.5444161529131144,1.5770292743925012,1.4899975386177378,1.5556168052937007,1.577149110623175,1.5783156571773276,1.5220900389733139,1.5537776889661683,1.4935970252973618,1.5484024717812979,1.4988354370588945,1.5548954609651062,1.5905081917747879,1.5452147119091042,1.5440177193311033,1.4931289480370324,1.5386841166359346,1.546179645253039,1.6091298200354593,1.4982925159205847,1.5552688148888123,1.5847707610113089,1.4939977310614534,1.5219087541914895,1.6185629485385267,1.4433481492105678,1.5526539104902977,1.5552757471366174,1.5596529884007069,1.5484692765579418,1.5084752449983547,1.4999019180057367,1.5808819219580172,1.5118431781546722,1.5083446685234363,1.483315851960862,1.5208955648221512,1.4750817555169107,1.4512982416125995,1.5701900585298676,1.5156549966557336
93,1.5982218691851402,1.6115378522886115,1.6669592381544938,1.6845041462788943,1.64535638329642,1.6450168402636738,1.6057785548457684,1.6619724060576115,1.584619544062365,1.6146059127653762,1.6200066343103572,1.7215787450578537,1.6575729136736364,1.6410424323051904,1.6735993897487083,1.6524385273951605,1.541035585308249,1.656354868823585,1.6113334765932787,1.6396280121871225,1.6324750785925648,1.4141728576067552,1.58742572625179,1.655983697662668,1.6549778910330044,1.6631669559886229,1.5005729069020388,1.6761561162100378,1.7057369512967657,1.5883402707048857,1.6202590833290342,1.648793646245549,1.630202798503607,1.5941020192557414,1.667986016328415,1.791693721819021,1.5982743884155517,1.7607429683054088,1.6189887782729002,1.6571381945498391,1.576117628666406,1.6357153621860423,1.5623662071230004,1.6746676309258475,1.6196322244837766,1.6224832280140253,1.6220621332193925,1.569478153834026,1.7179812949393534,1.5951167765490268
94,1.8214268583206366,1.7572038412322373,1.7138566013927328,1.915370415383356,1.7813950496205155,1.922939509765238,1.941418962795499,1.9416804621047126,1.8451751225931705,1.9904126396432495,1.688457743750507,1.9392327477326834,1.9279806152984786,1.9713350788047004,1.6382630517046604,1.9645358110797506,1.8168419550526949,1.8510596790323461,1.6368571907218445,1.8403135455298223,1.7688813023270153,1.8083768091616097,1.891221758524246,1.7560084102032718,1.676910963203369,1.7421599532794803,1.6536324110189824,1.7118789966918868,1.795223104096329,1.8720505480866656,1.8681002053234899,1.6655400998004382,1.6483708175658016,1.8057217058613322,1.8467904880839177,1.7984375214920636,1.859468466187459,1.8076356841185195,1.6037941488499685,1.8671192320616496,1.7799175817147308,1.6416053963533574,1.863501460155227,1.5501179115109878,1.783613680397469,1.8124787464630483,1.8283862186543614,1.664264753220749,1.8739708155446326,1.753965762732765
95,2.47255081316416,2.512936962012783,2.480574764551916,2.5949319925062713,2.4816275693492127,2.526617634294573,2.436424870142565,2.4734274799314955,2.404739334922665,2.5248388759054885,2.5008554950478876,2.3584067648723375,2.476809887822668,2.4465601733298845,2.504668463805033,2.4774764654578725,2.4038514380173854,2.4702866969713537,2.487666772011245,2.4562742780093814,2.453640968357993,2.6074314256357116,2.3613767584750764,2.543631940592224,2.532052351011,2.483146161855524,2.421599407023584,2.515659677283079,2.5198013079639265,2.416179011929085,2.521529403707529,2.4999475483333953,2.5037166933034776,2.5158161495567537,2.5435351920083917,2.3430326721573707,2.4012543337533163,2.443966858731656,2.4305356757460395,2.4820342206226993,2.4019036116133243,2.518380670777143,2.4492804924435383,2.5132504648330993,2.480053477903633,2.470153640613259,2.4884074595999977,2.388043860917974,2.4566073769165038,2.431556761344053
96,1.8640107160675559,1.9632752593624545,1.8714794083634914,1.8721689419462706,1.7833795783354498,1.9511642689245932,1.9885052401221337,2.188170035056854,1.8241728977150498,1.9551412166999471,2.0123165650283976,2.0223868149633857,1.883138899066533,1.9054039795546869,1.997476675050729,1.8617012099295618,1.8406395809479026,1.9025747314671122,1.7878142182971288,1.6733366045451987,1.8057962841823318,1.8036506435655362,1.8677873757450878,1.8778642312961473,1.9537953946182363,1.8290848183904078,1.910277690180342,1.86701497049836,1.8630529538145844,1.8320801215698692,1.6647828126185793,1.5157428595294777,1.7971149887895344,1.7181284065839169,2.047410108861264,1.9580059028364047,1.9849027892304987,1.900777786440127,1.8556326875893276,1.8864828258361257,1.922261236822278,1.8345774513564979,1.9016470740103557,1.9742514661906885,1.9410264850816077,1.7712466139275924,1.8405120569987599,1.7385517547272933,1.9021119675890006,1.9443487646815427
97,1.3089962449378962,1.2460312480902127,1.5271167676205177,1.407290369516025,1.3125389728237877,1.315506124073755,1.4053364839968499,1.3715136866772064,1.4316385953123554,1.4424999873770243,1.3084037740662078,1.3949882580947488,1.2920877406915148,1.4735714192735632,1.2292827877167323,1.482561816699003,1.2634911897865244,1.4368151190507141,1.2618682493516715,1.3966087843569408,1.2599555039652053,1.3914586935333464,1.3021574637580553,1.3216808195625482,1.3303983026806527,1.3781230423398112,1.271598568229714,1.2680425148056322,1.4403415627191265,1.473471985810903,1.418794755991735,1.3066033098301197,1.3033905115995985,1.3537366469802095,1.4020969555091058,1.2500331429261706,1.391586095423154,1.4160896500036877,1.3202304409652799,1.3584185815419838,1.2599835619453437,1.3295771543586206,1.4494563895495247,1.3427630986460688,1.3364238947755496,1.4657574231470054,1.2966288820020413,1.2459653365879415,1.3414386021751494,1.4488550951781907
98,1.8399218741079952,2.0472082455695357,1.8864113269038043,1.881786775251177,1.7818112234108527,2.055833816441581,2.0670291244328105,2.2806424513709147,1.8032106445258815,2.052156488402324,2.058730444670628,2.07269523830559,1.9012671953933777,1.9060035823599133,2.0992998061982036,1.8820998202478023,1.8500576513570746,1.9046475832763097,1.8726481667563846,1.7687578960899977,1.9206894547778735,1.7945546420300076,1.988186547805903,1.8822314077755093,1.994320021425029,1.8800321326065035,1.924072672093283,1.8894463838401254,1.8576301051055495,1.9832993244094546,1.687811813122436,1.667221537131121,1.74797989193263,1.692578465398311,2.0816381048954824,1.9833985719374674,1.9505030072239453,1.9004658474144556,1.9432082129145414,1.9067424349693312,1.938260920472489,1.8564297615147243,1.9197393076297686,1.9634247327840715,1.9475298194540365,1.802373222676949,1.8165953736765719,1.7524167248211073,1.9063625767858277,1.939811378455632
99,1.4145202103048273,1.4977754204203126,1.4660670917175551,1.4685948585508406,1.516783427416582,1.3931229493498,1.40709674160101,1.4679526250246875,1.4107003311864492,1.511918249626718,1.4842848370632407,1.4451162005631728,1.4873155763833754,1.4875869381132762,1.4902959413237653,1.4043770171147338,1.4988030688400977,1.484184625924362,1.4398956834269008,1.421950361717828,1.4936086545333236,1.4906333875464135,1.4628245943917362,1.4375087227478769,1.4645277769602032,1.5518247662630067,1.4837632199501147,1.5218581826863726,1.4645901552835685,1.4808133194683233,1.478353380937449,1.4327794316387648,1.4333551222720686,1.5093792583598864,1.4132886140659728,1.4574908355898888,1.4506510832473287,1.4864586030978693,1.4934506236078535,1.460543924518273,1.5038995554487684,1.5392146447998378,1.4502635517350804,1.4204378508948916,1.4073074866360713,1.4951769541380626,1.4205035739465846,1.4354055718573004,1.478848997708623,1.4693661509387326
100,2.1619290875293053,1.80096122887559,1.7411473827342014,1.744662862015014,2.099521313598153,1.6914800852225582,1.699023082500828,1.7919079033400784,1.796120214231383,1.7966199502221745,1.7439089678693023,1.8048940664376225,1.754266065783451,1.806967582177478,1.8024621509285446,1.7701678489550243,1.727546706528262,1.7326579091066554,1.6832926704207853,1.6941770679448087,1.7586321230906208,1.7733773453198332,1.732241175268208,1.7499591068756075,2.1815606715966993,2.2449020672995736,1.8158437064471427,1.8179855384934829,2.2012101316300487,1.7583347812008654,2.0825510911301643,1.8042789133895383,1.822211253956242,1.780218895869762,1.738571347259228,1.7000500833433243,1.7329662732656717,2.0524754490891084,1.7110588276740906,1.730210338429501,2.1260058430061406,1.756538263560703,1.8242702736029628,1.791352585407168,1.7329963948299607,1.7415418701323357,1.7112918250043663,1.8393391815604954,1.7505646007109812,1.869301743683117
101,1.0107844321589088,0.9164350670166481,1.1236598760068226,1.165031264552368,0.9806122512929978,1.0825011260132422,1.1254877347446133,1.2206054231306736,1.0936940888416284,1.240424409473233,0.9395030701601597,1.156602773490091,1.0420266569335617,1.1957715289402326,0.9075681366315074,1.196209754704575,0.9511034351829366,1.1701016117421466,0.8544508648447753,1.0851085575179003,0.9352173430784436,1.0304751310154643,1.0824088300660346,1.0834020523165826,0.9678186527485515,1.0266339302250906,0.9361705186019957,0.8848158227387266,1.06860905317276,1.1369767183744965,1.1745303643467508,0.9182585552198361,0.9309687890280784,1.0631249281178548,1.0712862553426525,0.9303535583243239,1.0481652626184728,1.0733489662234454,0.9179156714943799,1.0388757661616133,0.9902704291761246,0.9549310197855867,1.240518303557284,0.9344227850507352,1.040050786004981,1.1428462345257362,0.9751251323129626,0.8839955622392033,1.111792892400878,1.1625909689611742
102,2.2888557206539204,2.148119398773175,2.1748699219474013,2.125317434522879,2.138153646593569,2.0305013060974595,2.0087196446824755,2.1782926259867246,2.1652459291734303,2.118534072400256,2.1654464839052743,2.1392719908917357,2.155161244100178,2.194003359147864,2.135058422233321,2.162217963066409,2.1454968023147885,1.9969798939183923,2.0413580451409956,2.0278208540915337,2.195944858753087,2.120053218681946,2.1167499355268102,2.107898206042562,2.1964859692202587,2.151788717575336,2.193393059779579,2.1423044233596276,2.210677453258299,2.034026475237848,2.215215568455678,2.134397963093825,2.228482939807236,2.1140185094750414,2.1071681815903496,2.0682517978090207,2.0567260682396817,2.141392806570991,2.093681060862558,2.0270959874047403,2.185450653566697,2.1365662514698904,2.10347178215428,2.1884926941799456,2.0191648062815943,2.172824553704781,2.1045489367960837,2.1909371876138515,2.141761806836438,2.311903212609181
103,1.7491915145611578,1.8203457682146347,1.7995498754621924,1.7456761934495617,1.7048308762924012,1.8304888114975935,1.8404661427900155,1.7348693716442352,1.786261143172256,1.7025801587755929,1.7641779103716821,1.8136915811280931,1.8200258017898054,1.7852300087424249,1.7476818189738088,1.8332920364111231,1.7723357416315197,1.727792551898787,1.7230811039861589,1.5700509031611327,1.8170321996195877,1.7949390531417135,1.6851440004169054,1.751723437035798,1.7845159504734394,1.807060354052779,1.6534059275028739,1.7804365908217434,1.811836193285158,1.721141697088692,1.7959605353489163,1.727316722295873,1.7596492384462117,1.7786122615964048,1.6989264394064634,1.729068137155716,1.7430036542264746,1.795802604130044,1.7008459153114703,1.7160552837469414,1.6965931882279754,1.709787895839245,1.7466840060327673,1.780746795664343,1.750870446912245,1.7739446191782418,1.7971231813192512,1.728609772725659,1.7618382194720028,1.8006862295346195
104,2.4151682429353816,2.4465407018431335,2.3722561361261576,2.558078536196226,2.4530952376010937,2.46402669543364,2.393246964363243,2.423601730464189,2.3704794251589316,2.4685089600142094,2.436224828559649,2.332293077697094,2.4397330362765235,2.3827312120701984,2.4138754521055183,2.4032619609595183,2.3726177061085547,2.4160372849926497,2.4186836670252525,2.4271779967431373,2.422198850325593,2.530096732242759,2.306920718715375,2.4754308052374476,2.4544146360436017,2.454669243789871,2.3829472799077593,2.466892685762467,2.4627401057674803,2.3618647016477583,2.454625441990725,2.4415936559108076,2.4234050288302775,2.4697724346022856,2.454075083396223,2.3026678052167515,2.3291285483900115,2.402348043685926,2.370353459574282,2.404065645186047,2.3343331332923505,2.435789706336468,2.393858827116169,2.46672065354689,2.4388680126441074,2.409125424454489,2.420872633385761,2.3356854428342597,2.4260748992715557,2.3922726525370948
105,2.405765742390216,2.4808037669840166,2.626638879804192,2.5281344264143106,2.5052604638559917,2.290726841851072,2.37660042240927,2.4582456714370458,2.4639409606314926,2.4223005160688764,2.594312469564202,2.3806590237100096,2.3295370539569564,2.6247642336337718,2.370106078935425,2.435443001638272,2.577259925022588,2.518768124661297,2.6324398287576507,2.6095632268055713,2.391988713501359,2.6055656129162923,2.3927924052679614,2.415056447769196,2.6224521684794304,2.5486492278609356,2.634853694847277,2.559939274156683,2.5769468863357003,2.398838609938986,2.434455964234896,2.705499663276356,2.5975462474177107,2.4426632549663125,2.466826237244163,2.5223696892315832,2.621689807517228,2.483762351516754,2.5875512315984768,2.5248029371778635,2.432879238467841,2.49317543655426,2.466643465601873,2.7182682548640464,2.4304622466351056,2.4857875127419735,2.5259553267584494,2.573924799338851,2.3348625376297485,2.591834028623923
106,2.198075343503482,2.21428869467723,2.20719970915272,2.2867784602225574,2.167490828618101,2.0188753483524167,2.128870308624954,2.293289156699123,2.2505477257901783,2.260574318778703,2.044073918315153,2.19724161487564,2.086991760899412,2.344479123503273,1.9778088845639825,2.1725797832914386,2.269895327196279,2.2255466135103714,2.1955887851692637,2.214033460983984,2.227753116124344,2.280668520391856,2.228758331661929,2.1417196776633958,2.191353308291678,2.1941203896343007,2.138740311157636,2.146925577910597,2.2593453531748704,2.2104308418571614,2.2228554031321774,2.223638182639011,2.2056824874362384,2.161314332659769,2.0983220983252506,2.1793205067741006,2.2130821770531774,2.2369730105770653,2.235530792726477,2.243499218563877,2.08214717210155,2.039389819430154,2.26074359423459,2.1674864549108435,2.009567627223504,2.1819929102080096,2.142561627250055,2.0716849031220015,2.151814681633633,2.202618346553102
107,2.08309453799699,2.098997548611541,2.137914453767962,2.2029748255063173,2.0434203559772897,1.870247561712179,2.0234187288011665,2.2218877529032364,2.196698275221911,2.1377462587215437,2.04301175222778,2.1130980802501558,1.8959698462126617,2.2911287446885282,1.9010735236329932,2.069351623403894,2.1670938297867846,2.2240786145792213,2.134107079496342,2.119161338570537,2.0755162792844004,2.1814956810476147,2.10728201497572,2.0375400905706087,2.1707754525528458,2.1175561364009186,2.116679692288809,2.088980559480998,2.1367610368027425,2.119713002187872,2.1273033765041074,2.2151339499138203,2.1882441434840594,1.9877458925499383,2.0934775565368176,2.0740632840358337,2.1534337805027954,2.1297450299051164,2.1491519148661062,2.1897766780190002,1.9964708351323601,1.9984366412232681,2.2185982430381337,2.115919864632003,1.921134703278291,2.096030769022656,2.096427205389517,2.1020870279448776,2.008435240026771,2.1526786535257436
108,1.7042378217210947,1.8801853346879938,1.7411916716370648,1.7440585985463923,1.881121867377427,1.8653361085102276,1.9076069927312833,1.7996701396990744,1.8364661333550325,1.7029045774372893,1.809706519522053,1.7479216042221761,1.6547078847780674,1.8274086645102106,1.747717689820913,1.627429152165206,1.8564107992043404,1.7574465670896449,1.9182279318970572,1.8554444665528838,1.920218644630367,1.8228948618255654,1.808428158347212,1.7320366234306803,1.7395835237422688,1.8374338040003706,1.8314975781200467,1.8733537387542185,1.7901950162390845,1.8870118993927312,1.7990269487667092,1.8436620891781885,1.617007505514298,1.7375277611897655,1.6946154126349704,1.7611065603709406,1.8499308143593662,1.8476097629929917,1.8243075782776605,1.9110801888904572,1.9333249559356993,1.8111028168822934,1.7307230404157146,1.8047336821151365,1.8098361768538211,1.8753640446066324,1.7616582749929695,1.857834085252966,1.8601876141652696,1.8273601945844504
109,1.2751263274446556,1.205826363922931,1.5013092866543847,1.3725774537559583,1.274948275289118,1.275337597360883,1.3564797925511147,1.341604942578145,1.3963170187716822,1.4097659774981928,1.2563547023999746,1.3457339913689488,1.2510187305863552,1.4325716073155164,1.1831947298440664,1.4499601277279313,1.2274210351109769,1.3918938144778066,1.2256409101348424,1.356273752354463,1.2336148726277933,1.35918957148154,1.2635759752641569,1.2829563658058376,1.2934940577973713,1.3336172534712447,1.2258218101977203,1.2105285509139811,1.4114470444998926,1.4423907209518627,1.3860823261193023,1.2616994216621435,1.2671099619547945,1.3156859716703586,1.348091325581192,1.21831161755477,1.3514974077835085,1.3794487588362792,1.291463227107542,1.3163117490807128,1.2177319507712028,1.278466339816907,1.4035462211819798,1.3108631674512594,1.2912138208446216,1.4174774898025344,1.2435610846007323,1.195209434310648,1.3006927622903826,1.4093106783390965
110,1.667787994016499,1.813313747153524,1.804458169747397,1.8134374523980505,1.898695267002962,1.775474550852782,1.7310450798421453,1.7831583824745554,1.7439702553660434,1.7513916115816386,1.7024953036412707,1.6736035651272676,1.66705555270143,1.754381587770637,1.6123064372764837,1.586833344907106,1.8643042259905105,1.695414270047655,1.8127480288454834,1.7719011746839133,1.850546530336489,1.7738644447484475,1.7137339453408078,1.6549767565959144,1.7505330780055637,1.735478537062709,1.8038680618904515,1.7506100566574112,1.8551301177290531,1.8443405409590587,1.7774603447592945,1.7591358604014502,1.7242265729056783,1.7076645198539442,1.5870586291918878,1.8961405094688768,1.8021149434990784,1.7846672172730038,1.872860515816929,1.7793053216605923,1.8753813279998752,1.7038880581875926,1.6376744190652381,1.8046729285601497,1.8063921466163997,1.783562015396157,1.6558925021957611,1.7390578666967276,1.7668907991564016,1.8519354622130262
111,1.655572164413483,1.6617931046413048,1.6250046464766665,1.7594405858406121,1.612885085220876,1.5139586563903422,1.6895221500014035,1.8921152288906757,1.7145219282851007,1.79084200335482,1.5472422179373067,1.7757108302204703,1.5392748759840114,1.8612062085352017,1.5041491294574794,1.6688298726519406,1.6906314706981114,1.7815842577318606,1.5995607593227064,1.6889717212350988,1.6464786669015066,1.7050634633131132,1.7866783653112268,1.683993361846941,1.6304618005674527,1.657773884030123,1.6336238236602032,1.578186383227628,1.6177460662688725,1.6673995354316093,1.7962376274452865,1.6356246473447094,1.6055819542421226,1.6685029790549564,1.573882786957328,1.5641250975661158,1.644911081529008,1.7064547920154602,1.6436930278438444,1.6868703201504927,1.5843161622230255,1.550388441536155,1.8651096587130453,1.6190991674352517,1.5496724226710121,1.7022508054449297,1.6181696323192671,1.52023451513082,1.7343838607826374,1.7222339762342322
112,1.1945376635879725,1.1777244835457852,1.0315928191580603,1.0887883411580308,1.2181966700539029,1.1646539586823579,1.0876883240213768,1.1519980733851902,1.0900062078659314,1.139460152208244,1.2320969671545385,1.1032890613429824,1.1607098609759712,1.0699809660578588,1.1796229462724588,1.1962548942189675,1.118553850847265,1.062102218457335,1.2230783090944257,1.2183089739297372,1.1735308287298718,1.1236890227835783,1.0955978281919716,1.0578239587205012,1.0541214486016344,1.2093836636916029,1.0629504914407581,1.019108295738846,1.1278117265880905,1.0625715552434356,1.0943042107063778,1.1502556841638913,1.0716629602724854,1.1101696785347386,1.03958609476717,1.0532687956458808,1.0858803307408174,1.1676961991086703,1.1257041241198125,1.1825383219493446,1.197902046009034,1.08554947087217,1.2060203923468613,1.0315581474892834,1.0345077275035042,1.0562728397499086,1.0703976065329144,1.0889442855771136,1.1036888467995358,1.1349178964614737
113,1.146888810063765,1.2174221537123595,1.2329977381621262,1.1942757092391165,1.2309199421797263,1.1614629295843,1.186914916721003,1.176985671782167,1.1931090327801304,1.208023712831435,1.2081688247055293,1.156949182182994,1.1797816714300122,1.2004615262134433,1.308738787960058,1.210157135554672,1.1721212506586824,1.340534538734289,1.176088231731831,1.2109530229735146,1.202146929071077,1.1316504215252738,1.1963000577163907,1.2025248349702107,1.299578107997558,1.1707674393126197,1.1580171884619581,1.1980106410677447,1.2303494072367531,1.2007424126586344,1.2836018991725995,1.1407163733157857,1.309045501921462,1.2406145354832638,1.2060452298354036,1.1841804297153056,1.1713341892335931,1.2130228987403395,1.1943870162485961,1.2053323434834642,1.1829069881011591,1.2177329805380808,1.252333559037238,1.1974642697600195,1.174532755673555,1.1972466678496536,1.1718499030344365,1.1679815247517282,1.2614350503243552,1.1698977493649032
114,1.7459961412002922,1.7096602734307176,1.6523329536787017,1.7184165717649709,1.614325443157639,1.690428697513516,1.759177400770536,2.0631499202717087,1.8049646972246363,1.767822897810443,1.712163325196986,1.776932152660038,1.6617629652712322,1.6871336021526062,1.765697354326802,1.5783367257847907,1.723868211127316,1.714638969096331,1.6944126602484317,1.606064818524299,1.665052821348901,1.5670145552318377,1.7513724899107217,1.7145412617126095,1.8535556743846318,1.8205548449901627,1.8131263061124283,1.6359339112421836,1.706939734996343,1.6763321808649652,1.6099889063884385,1.473533941996783,1.633542984024274,1.6732131834323445,1.7176241336255629,1.9136668323653652,1.7541509235745352,1.6547074166153344,1.7444412119204884,1.6462130450122885,1.6790324048325544,1.6587879202622728,1.7307808363640547,1.846651881463341,1.8247380891905323,1.6622637719193842,1.536864691467855,1.60957217096119,1.7088707424434055,1.6936318529637653
115,1.4199712146129242,1.5247994077580245,1.4596975027399317,1.5130275168930805,1.6144096006160744,1.7197570162733227,1.6927449207265983,1.4633323412549033,1.5110434886646855,1.492585220549385,1.498956950076181,1.5005926949766568,1.5525481994092054,1.4906590439375447,1.4248946342632527,1.4842875046583393,1.5675714116922954,1.456156370569745,1.4780736826351877,1.555466938797779,1.6315555306305995,1.4400394884261178,1.455104244650098,1.3564812240182889,1.3942303333995056,1.412866838999264,1.4273031939096832,1.4776477850820413,1.6176435501288422,1.683322012371978,1.5372113895359316,1.4118735293701512,1.3743221463146984,1.5054602011837392,1.50693383090284,1.5789066747650935,1.6023970684991022,1.485258248687801,1.4826854260618907,1.5982969806938838,1.6245104595613036,1.4454639494422636,1.3216795751859038,1.432535738693824,1.5684806851512585,1.5418917524692564,1.482547995412201,1.5129081672891829,1.5413091875690474,1.5339886999630412
116,0.7431047969062048,0.8223771899900321,0.9694987025995339,0.8685897372077771,0.9725253813634156,1.021471394594438,1.002360127235061,0.8445437592680558,0.8617411009938607,0.8697798866970334,0.8704938954104073,0.8482012069488398,0.811852732910257,0.8391571661763573,0.8020111958350045,0.8250315522949743,0.8339514873574263,0.8727522325639376,0.822782646897199,0.9182754578297283,0.9033268896000699,0.8042231016588701,0.7633010470086958,0.8163636837609225,0.7956562982913304,0.834439049740455,0.8454891741682999,0.7859758969348256,1.0003922225983928,1.0479304624948678,0.9559849318011793,0.811471817076999,0.7777882734242336,0.8964216458543888,0.8572925250421495,0.8635278873946142,0.9412770065989973,0.8653165365165041,0.9008739081790065,0.9016097876479598,0.9796794014903725,0.9032204210772505,0.8060888494819807,0.9080954206957017,0.9717082806166015,1.0100927175022294,0.7758321322022157,0.8706130604788491,0.8972257066485234,1.046851255639286
117,0.7083222312219304,0.7804227538267536,0.9415318739079677,0.8331115795866813,0.9356756393294958,0.9820803671355698,0.9550232751438763,0.8148520092284306,0.826535680387618,0.8363779781802148,0.817674585694657,0.799678808997415,0.7706458277903252,0.7959518605086631,0.7565288961121759,0.79021955267087,0.7981091225707999,0.8273476753349863,0.7843307365050833,0.8775789579074376,0.8790268718201144,0.7693749558611032,0.7256444757498599,0.7800886896694443,0.7587616464126263,0.7901462976895681,0.799521014944836,0.7292343535257615,0.9713676071501549,1.0176062328307958,0.9234064801959025,0.7662934006006772,0.7418678304183413,0.8578972325028946,0.805015440487681,0.8317335626602347,0.9014481131740393,0.8276762885480071,0.8732678864885539,0.8598874430956913,0.9374987639956167,0.8544229740754172,0.759540772101289,0.8753564905228064,0.9278160613464479,0.9624522635572497,0.7223180585993871,0.8218614636934021,0.857687881211409,1.0055992309370776
118,1.9656806884910005,2.051152885618687,2.303636200810921,1.9971765486715611,2.0473430750018564,1.965830523715347,1.891048976419329,2.269479812161646,1.8457763382481325,1.8071864230039965,1.9357745460104319,1.9688039752263222,1.9384143735805566,2.193677546992048,2.0591774398357447,1.958757954574578,1.8934872732665724,1.9872892823640607,1.9707423383807718,2.002972639016752,1.940092921466407,1.9279668497256903,1.9057991791523872,2.0464108549807776,2.3023180214065526,2.007042909749548,2.04315433327542,1.9451602192306297,1.9946492213165385,1.905853483531624,1.8473338989535568,2.1661915188586125,1.9554916467031411,1.9099962372020372,2.0709684385516294,2.2901428406119777,1.9627423750644595,1.9574787200200001,1.9813377019040082,2.1398242420611364,2.14323647621789,2.009948334444177,2.0452960627274503,2.066438362278106,1.8696995977391242,2.229552569732947,2.0181481225612306,2.257336356341096,1.8911591452919012,1.894288229193311
119,2.928262588613971,2.771960645528675,2.923951588764149,2.8404957062889586,2.976948177478353,2.988847718307407,3.1518282890886855,2.915663395656642,2.881410695258161,2.886238551007823,2.8892471198897507,2.9857069667865197,2.9297820707316404,2.9717967156151355,2.9960553382332513,2.8879026748738585,3.1130308467301635,2.956002323712096,2.8634258302435267,3.1450806606310966,2.7514193789074515,2.9448739724715374,2.823895864960817,2.929467837969878,2.840983846057327,2.86253957070468,2.9924004647883358,3.0026394982470563,2.8301726917374412,3.1143788293197314,2.8262483914023067,3.1640108041510064,2.8967814107432126,2.776632382743158,3.1462507033411917,2.896169242028904,2.9241623773870487,2.8282202410215653,2.737880403504411,3.0976399020957928,2.9942292228464034,2.994122496721479,2.8598712863756406,2.582383623756188,3.0989399514701574,3.1115616390548544,3.07585150737917,3.2620289370606166,2.8476339097964605,3.145867469961104
120,2.363482101613247,2.408206061215708,2.398070979991939,2.5386994336478814,2.421290472562168,2.5003984211438732,2.329957210787434,2.380633209492851,2.2742792354881107,2.3566885030576534,2.446093421660452,2.1953685001245296,2.383935986560857,2.3859500284555706,2.3926581414317347,2.3483101182289725,2.298268285800443,2.4333642262837487,2.460162875751969,2.3795544664798784,2.3030371518952286,2.4160871712753833,2.092558441229082,2.5070336764342684,2.4914097232246366,2.486089620064849,2.4184548193286686,2.4529315140380135,2.4675714264286066,2.2760851378458806,2.4334827990989965,2.50297867380446,2.4087794613363496,2.330287250720387,2.507074185652442,2.260074160873213,2.3544625674599233,2.277843495042056,2.352433123514524,2.4431423776477654,2.355854178413775,2.4418183148707424,2.4663714931401337,2.4702731158562425,2.4615408565878028,2.4744050534989217,2.4563811115484313,2.434586089122482,2.249804588375403,2.441280330156518
121,2.128518713707769,2.112298658731068,2.14978761888918,2.1737714777049657,2.155542102236943,2.168130122372414,2.214564970746519,2.113387275118961,2.2693263063375944,2.187387460123837,2.0669888735961433,2.195099249086468,2.229636125674271,2.2547939832294723,2.0072444597314334,2.2738683598343874,2.1746671772420285,2.122140734600279,2.0736977263221625,2.195725712896806,2.115510203071249,2.178950316895097,2.133476977887442,2.0192510533664745,2.0904085852647114,2.141859370282342,2.0063832871982274,2.158316255347387,2.2425970356280374,2.244945630250618,2.178132373668049,2.0902528873853043,2.072059767495251,2.143688336791385,2.216769147279666,2.1710420356360665,2.2461441246960776,2.182928331430622,2.0832366358926437,2.209934212246621,2.049584615391332,2.054842852478865,2.069929246413185,2.052906088452664,2.1440304796311906,2.2003472731007214,2.1877016790741797,2.0199571207808447,2.14785520763674,2.077770242572557
122,2.1926089338180876,2.2185391226422144,2.256585225208548,2.33146876077517,2.1821717963633596,1.974132041274883,2.1252525018542023,2.3334730795660463,2.3392615567842254,2.224418781484257,2.1489792764154734,2.2286098460820725,2.0347901066955565,2.3965185070133224,2.0582177566361732,2.1961587594547476,2.3101145511536707,2.32305379017643,2.27473078271451,2.2603298571928327,2.1680764374646806,2.295831773317772,2.2217963722930882,2.140811978731591,2.3236145443451086,2.2734034959253573,2.247031436720383,2.265646642982908,2.28525142527078,2.225481225248394,2.259798190492571,2.3560211041653467,2.315657651881569,2.129176695307745,2.2265524267775816,2.2258122400295743,2.2890897438798605,2.266227628505572,2.3045904787239007,2.3042253334094775,2.1186433687219264,2.143133683738606,2.3177856589841745,2.298649163766825,2.080283414240153,2.2551968579086896,2.241492230480313,2.2042312528520966,2.1154196507189225,2.2861764524287107
123,2.733643836533701,2.5854440202060616,2.8113221661005205,2.503521076769619,2.5124522373308373,2.57955212399602,2.7635508289567703,2.7039638756994044,2.56134684559213,2.4450529958750735,2.6380350023322094,2.4929656458761773,2.565621664636133,2.5311840146156825,2.536236755414958,2.742632535541631,2.66961676890865,2.5574651284440924,2.6429548726421697,2.7706936921629186,2.6281882471860456,2.6335175131274653,2.6030029650102326,2.660179299832703,2.6217228609604355,2.565110164402462,2.5958473949654532,2.436898548660057,2.5907959173948054,2.5784050678586006,2.709321198636662,2.579021875437789,2.5077104477037047,2.659619277118342,2.63703942173089,2.7382663184088916,2.694104109997408,2.5761985586424387,2.6582167381023396,2.6180142449185415,2.6267843694547537,2.604153423008121,2.6395418683827536,2.7826717083058163,2.633269085118787,2.680099999403825,2.6162141812827944,2.7214304666097187,2.5239989108321867,2.58865815975539
124,1.572807869415879,1.3598862630240518,1.714396460817536,1.6702719334612643,1.6696210090082282,1.808655181844177,1.699143252873732,1.8542542247946407,1.6474951058699716,1.649197680707485,1.151794907322989,1.7916303569850962,1.5264291587024044,1.7586910551260804,1.4501976311132445,1.2776312895276778,1.7290783610584644,1.7329751295996747,1.6341098834056638,1.779380475343828,1.7557762183974432,1.6569285318540086,1.7618307327885514,1.7704236985762405,1.601991094246701,1.75957353023081,1.6032046005258689,1.733611166135625,1.6131077403334686,1.4807927130778697,1.532745191650056,1.8070614452450533,1.8379451841264682,1.6955530930209999,1.7929861106098777,1.7629363802441809,1.6437868843217713,1.6059611357481494,1.6745959252188634,1.5622368172768972,1.6760152779894657,1.4672022336231478,1.5948155023877604,1.8331544567814664,1.6281322649836945,1.7362509168415894,1.3734055138384829,1.755835926346104,1.7325089653339454,1.7282239626680571
125,1.362140146211166,1.302681278838663,1.6063069376524037,1.476978857658116,1.402876063546989,1.3591024748781377,1.4408252425853654,1.426314210789052,1.5177574537986258,1.4771167227165058,1.3485127910931585,1.4447308479833314,1.3717540655505083,1.5155920002985557,1.3225547792993968,1.5600450021631493,1.3545722801862254,1.473939395746424,1.3508089030596402,1.4805325797274005,1.3066000887437994,1.455442901981863,1.3562677478857061,1.3689761514736354,1.4267143483611662,1.4679908016466903,1.3418981886904353,1.367873212795228,1.5423226580786187,1.529407997954244,1.5042821966333548,1.3843713503445372,1.3801957353620615,1.4325626899247013,1.4687357501074843,1.350480636129479,1.4735660496982703,1.4964807448935158,1.4302401385579007,1.4143765685776568,1.3199888579909036,1.4137282592727214,1.4832343765470561,1.4838173613573051,1.4435228197895924,1.5580196916925697,1.3719949208200477,1.2823068009959488,1.392143658236463,1.5205210821909496
126,2.6375024526739184,2.6002139921286447,2.5999427901228653,2.5760392051072607,2.6687522953455782,2.676992473103393,2.763235452267926,2.561729023675243,2.589604587668194,2.6562869832350398,2.6411116199946463,2.6312649689268923,2.6075887561576834,2.656879073250737,2.6545515323111974,2.6854140899247163,2.713469265485583,2.546448508825794,2.5545079746677093,2.7634796104014114,2.550742353583936,2.6040321967091664,2.6212996746530317,2.635328326217842,2.478069578246383,2.6041019077133747,2.5938599614817583,2.6727584508555218,2.5394705720239603,2.7151436797155544,2.5871008125471526,2.6793203902714477,2.6716905840986414,2.564133629370427,2.7296384406807004,2.7170622875959687,2.5719623744485896,2.5418927427304876,2.5533295758133647,2.6613494628783023,2.5965829779580254,2.635559044237503,2.5403194753279017,2.35963250873339,2.7230359891858402,2.69406102538548,2.722087114417807,2.7479291420205776,2.643459723058916,2.7266076460493984
127,2.143539686155977,2.1938851953043397,2.0003903942722356,2.2207933594977303,2.149834176652077,2.0769529623159557,2.244028172778709,2.335885738691557,2.2032377734178397,2.2025821000259214,2.0545045723483444,2.2695179097471225,2.098109815134702,2.3597191279128378,2.101242425090888,2.1773404751560923,2.215280036776427,2.2642437765928896,2.1780563760863316,2.229049240810637,2.1509430452050307,2.203333227488452,2.3055144163043924,2.179996670779566,2.0808087263507566,2.2007695280035136,2.1077755312855713,2.1796149934105067,2.0277171618656844,2.1516646200376575,2.259044185406262,2.1617178857959267,1.9798986606639204,2.1209928434573246,2.1261826526383953,2.0616010975704295,2.1121911828180355,2.2092088919162745,2.091915181892513,2.268470469945573,2.1366694134680557,2.09248221956215,2.309379908456169,2.069649420102495,2.091407936655912,2.1744204383486014,2.1778251466259704,2.0513919765266078,2.2721553208784018,2.1478226993332665
128,2.286516324309672,2.328957258322106,2.223530919271017,2.4519603766826754,2.3521700630954676,2.3524852361473565,2.3075364280099,2.2814905272222594,2.276609132558008,2.344134051831972,2.3264040675356767,2.244441924161687,2.343804157632718,2.2542567669263476,2.2724971119862207,2.2814882889741557,2.251888576449808,2.297434811556138,2.2879340334596208,2.31895956272949,2.3128114038467,2.3865366539785473,2.16599723200466,2.3425758912484937,2.3004633332202467,2.3623249954742676,2.2674474495876975,2.354294637685957,2.352715389081598,2.2463370575420756,2.3251794585189867,2.299766154692552,2.267775649947607,2.3689896793656615,2.3014097365075186,2.1829625120608736,2.199197445625936,2.2993147893291166,2.2474241420705283,2.254092047517336,2.207676299332885,2.2969884230111113,2.2746079717399574,2.35443234623418,2.348417700376171,2.2922430255250017,2.2981338702710907,2.210276338082614,2.3379519524368253,2.287755486832104
129,1.9413348072550738,1.975891808041645,2.0077176780362738,2.0106802888009696,1.9055104058378483,1.7462280755380375,1.952553740001008,2.0550034683976666,2.0284430056421923,1.9953168477435383,1.8694967892423566,1.9852717076045483,1.7809971551164399,2.126252013907629,1.8071140608867378,1.9466391949403308,1.9907074134166596,2.0281169794511262,1.9769748452111813,1.9774061438918427,1.9731573686114174,2.0468482354673707,1.9919538013631772,1.907980348605367,1.9655609406083663,1.9860263805754093,1.9269379577204067,1.9215314269874604,1.983926367213492,1.9958297848685747,2.026772209644127,1.993649097618757,1.956242524188088,1.9533702531843513,1.8788147208914352,1.8694420503366516,1.9578842759162987,2.0302817101604127,2.0264396234950546,1.9714965095556503,1.8383009932561372,1.879085878690546,2.0561746310894584,1.9898703585370967,1.802633830568439,1.9888251886421138,1.901781722317124,1.847130636216459,1.9446269280069615,2.012923279682557
130,2.3509410876747543,2.307345614653718,2.2832760694979157,2.418383533239923,2.3367938571611173,2.2560734324565317,2.3768923878516954,2.3936103038656507,2.3704084526465055,2.332238211253129,2.2135440166807228,2.3682956978445535,2.4554033876403407,2.4380234954117004,2.3780456149138427,2.476368101250096,2.3566811858783527,2.411302425646411,2.3360043100957917,2.375886313346493,2.354391857083858,2.3438866934022293,2.3230713083932297,2.3427131432469643,2.327273171601714,2.34990975339523,2.188711918305076,2.311513502042292,2.30903728887409,2.3660379892068693,2.422340571223346,2.3491149644780442,2.2875285296504053,2.3064040943225965,2.4527867150254474,2.31223351876441,2.325432752762797,2.435069568914617,2.344040103126054,2.431973524092192,2.2133479273352563,2.346245130407297,2.452459580651155,2.2500771576134664,2.2588401921425234,2.403405917237153,2.3379252233714842,2.288944769055112,2.4416008216985903,2.424238227107354
131,1.9085954042634592,1.9321497381422459,1.9380860354084462,1.8929131241771757,1.9050179966940899,1.8521201223385289,1.90079514716696,1.855905523373714,2.015917103322532,1.8715802711666782,1.9724731781842817,1.839118368394514,1.7980078880713228,1.9249409035852771,1.9044548913857775,1.9408831390659786,1.9425679628577708,1.8631112489829886,2.092945621180206,2.0211021803988647,1.9244238301135308,1.967414046832669,1.8550743829526812,1.8237385942095052,2.044459094355929,2.0062612962515463,1.840494824425047,1.937488719466753,1.9532911170488916,1.9808023756092803,1.8259411644165233,2.0104536736357943,1.9543271104175357,1.9338602063461074,1.8978950940120116,1.8761135738891443,1.9260285354211995,2.0402412951992197,2.1752940447249562,1.8080876227695777,1.809531118146431,2.0073200077763786,1.8954880482569045,2.0103208363510525,1.7885218941564922,1.8752577595158826,1.8582614615059416,1.88231536640534,1.8827523493151723,1.937275975692149
132,0.8701370484431337,0.9647048244853904,1.1734599988451073,1.0396730295449526,1.1550195234119833,1.136037496300685,1.1019849119760803,0.9545102877973357,1.006452912793136,1.0219851306832233,1.0440668376336077,0.9762738037885033,0.96837471741327,0.987015830341591,0.9639772907468283,0.9744205593722053,1.001598104159358,1.0118752253336312,1.0083213424625619,1.0604245053459636,0.9816894024327159,0.962652934378287,0.8824804518332794,0.9274187639869176,0.972619093071728,0.9968443246320677,1.0424922321224583,0.9601846480386378,1.1298343721724127,1.1893509580963983,1.1020547492902857,0.945386757233436,0.9350811626014384,1.0082933480963874,0.9801487336142483,1.1044646233885071,1.0639294844003375,1.0435089941669364,1.07583704683437,1.010624237508308,1.1457560251037364,1.0779105177337893,0.8913558527031498,1.0945949087971396,1.2266445018311574,1.140209035277456,0.9050620302503347,0.9959621743139255,1.0567977780225855,1.2169770965598836
133,0.8375624205456209,0.9259279513201619,1.148373175661229,1.0057602815472606,1.1206402906830748,1.0988308280737158,1.05560397471781,0.926181297605067,0.9730026472601678,0.9906123328367222,0.9943662971637752,0.9292094479932036,0.9292831362114748,0.9453875610870774,0.920891190599046,0.9430716104684178,0.9665009036904433,0.9681058680497377,0.972375422401317,1.0216725213314302,0.9592069481531222,0.9310175536164333,0.8466435510426749,0.891982947385177,0.9377212334955409,0.956039455953273,0.9987306997557015,0.9055798048919605,1.1024986652052462,1.1604389942423676,1.07102264138058,0.9021159626243644,0.9018617511736728,0.972410576476932,0.9282710164645689,1.07555967244131,1.0257626769944554,1.0085812930946982,1.0511039440321204,0.9706349875877942,1.1059068332180466,1.0304493022548655,0.8469902724568179,1.0638667891225158,1.1853300970523692,1.0940685914336257,0.8543812494364502,0.9482482860261765,1.0184060525731784,1.1773581325084894
134,1.9744278393214998,1.9221632463765914,1.961697578844948,1.9843698698412018,1.9488799206003034,1.9931349838305588,1.9476947540095555,1.9977705709107916,1.9308419720389152,2.0357728684842122,1.9867753158750423,1.9774268935759807,2.0327987394774842,1.985607829100143,1.9685135489215575,1.9375156567240501,2.0435062262083026,1.932188644117323,1.9422963038905934,1.9902314708850115,1.9801155210865389,1.9723911521077682,2.0013290119810065,1.9612438598462276,1.9340095035822493,1.9514493020554777,2.002341675777787,1.9739254152065833,1.9966538395752025,1.9991199775868176,1.9835493202795895,1.9281561739094641,1.9939674462294494,1.9960334642739337,1.9338716890235244,2.0508977779134057,1.98249995676822,1.9148018629200845,1.9376988594583446,1.9502231582694876,1.9741511478237435,1.8666072296235612,1.9477471036036782,1.9564677244202846,2.0435997283442893,1.9609300399391785,1.9252365463232781,1.9722375282675593,2.0083902705794796,1.9576020880787084
135,2.125625769364767,2.1968638403319254,2.205667406284917,2.3483846776956208,2.257288693538527,2.279125734691257,2.105700647704767,2.1951474910689797,2.057024538054568,2.186130804260598,2.207083148353137,2.013965217933798,2.2236862604315952,2.1468653467234295,2.200280323818097,2.1422449660059417,2.0822325615702475,2.2082723803464797,2.208456483685964,2.2125071012154427,2.1234425116314526,2.1669190470412305,1.8974204194972089,2.3208599114111195,2.287477535702216,2.2984525323403826,2.1798438961132187,2.2067848678996853,2.2598315449276756,2.067557081015481,2.2301128699827526,2.2735150726805813,2.192859284019537,2.1626290800636117,2.2641168779692578,2.052423303695683,2.116009180747856,2.106022290722718,2.1772671991136843,2.1804730687624865,2.097844738196798,2.2463542800995278,2.2819294310491145,2.276747156635521,2.2870749850847805,2.2854665605310913,2.201772412797533,2.1981881642067975,2.1239640303709453,2.28137797508027
136,2.4852651616206565,2.344855902898386,2.4635130801511593,2.262839436897499,2.345524100497382,2.322107082004809,2.3183543003309754,2.4574036264502013,2.32855742206851,2.3606931522758114,2.3017961931443516,2.2632473765771204,2.28720883641504,2.2077502665824937,2.3511518950387114,2.4519119211940286,2.2572788881212063,2.1265670542412627,2.272231494838259,2.399926275320503,2.40269817974891,2.297689230198518,2.3406152927217785,2.3087754223107533,2.3086116707094497,2.357823325614401,2.35618842130833,2.318397814855185,2.2473763914430354,2.213529904014102,2.363057336306314,2.2224118476756285,2.378570341752182,2.423123374039122,2.25507871683541,2.4554672389170804,2.4010539805714863,2.318591502288733,2.448970382378853,2.290278722439926,2.3856526786036127,2.4082644053244096,2.3383539208391326,2.378639020408569,2.2767469530374314,2.3691797719513144,2.3289016661182202,2.4337592502349983,2.1746318069117887,2.3993341559344543
137,2.298352274852663,2.1724086667274447,2.276947938424307,2.2242035282628034,2.1681459974787263,2.161818313881792,2.103206619081959,2.233468593864483,2.2412406412785053,2.172301816292416,2.2554949156959196,2.2013516213990876,2.1824445777223467,2.260338262040726,2.2214570046046873,2.2794201088059705,2.247727299469968,2.06582555648225,2.1670906152788962,2.1402262376418904,2.2435745971183305,2.2053849610880256,2.263618356734775,2.246971885509781,2.2393379845526376,2.2545469893260837,2.238600387886187,2.2077823682355273,2.269432304160979,2.079332188331229,2.3285053255010864,2.1518170442189675,2.2944127846677933,2.2176953233110552,2.2171107183419387,2.135565378521875,2.221974678508963,2.2805890520506864,2.11066740789186,2.143474725207465,2.217740785551797,2.158506574001059,2.130137332525061,2.3080893271975675,2.0480402919401968,2.234980624118182,2.1507811527337566,2.2309547513997874,2.2565637315310147,2.3002156811860814
138,2.2255147245324345,2.3340064396876317,2.4776452783174854,2.379779527474404,2.3725216051370737,2.247546649919924,2.3184274183404856,2.3719440940079224,2.1656140719040127,2.3853911968415,2.411306714508167,2.2847015922894514,2.3703771167195518,2.456147894855893,2.361078017259535,2.35671985461863,2.459166763380285,2.3586583666480982,2.4216422386581513,2.499752144785,2.123285957976467,2.370308614710485,2.3022645868452827,2.3586225036102775,2.400508904331428,2.3923771903704494,2.539662552681767,2.3557762739057395,2.3728777566927164,2.1305905931152886,2.4319629102352778,2.359041738369257,2.366956032145925,2.431493687823842,2.2737157820587726,2.486947764712516,2.393208719933731,2.3315415495510265,2.4053133849721995,2.2544610353343773,2.373819267817403,2.388411457355395,2.3263911239447204,2.6384406535617053,2.4684471277416584,2.3950295013465563,2.356358636953584,2.2737317394882197,2.3415066438415213,2.507915346086161
139,2.4489272169393637,2.311006774018945,2.4294098248134866,2.3669046149400117,2.2884022486344495,2.3179276273166813,2.3370786584363152,2.396329286659576,2.3508263016095405,2.254172168469912,2.4259927382156192,2.350120846970862,2.3213258760876165,2.4321748937453265,2.3652559517228973,2.4119776717372154,2.4526227462256607,2.286747191414424,2.34282251527873,2.342754334834451,2.3853725584357655,2.386737382631285,2.412052088120989,2.435333025115412,2.423423123732121,2.382505123514285,2.3992596279464316,2.32984828073511,2.4208506252492885,2.280780664489363,2.5167263683924777,2.3673910482468106,2.4118784416848857,2.3480492406141877,2.4115957208571643,2.310065321266567,2.3684914968087334,2.437273706095759,2.226057333776094,2.304623655669845,2.3781916979466544,2.2886442720613402,2.321307714678845,2.4866086863021764,2.2092452909399363,2.4179748203907803,2.3135519519344854,2.396733462153202,2.403211392791351,2.424341817200002
140,2.3219740928613817,2.186084172435911,2.207215152482039,2.1649291233974637,2.171607534016859,2.0541578871298505,2.018209291176891,2.2188102770002267,2.1917274373313873,2.151768831972005,2.208519072059058,2.17580550697203,2.186623355712527,2.2329633726329874,2.1718877052030834,2.2033485713142937,2.1710715401592395,2.0263669102807085,2.0801039504564063,2.075753845239719,2.2258819485388823,2.161766305845976,2.1487782648889664,2.135881330239127,2.2258019397938575,2.2005206923390865,2.2266543434177795,2.180384552313111,2.2415853548415345,2.0712571737737555,2.235281057212238,2.168243420615523,2.2595408784640068,2.1455572802790144,2.141036479270511,2.1146413731346794,2.069427215717986,2.176920704732069,2.1241050712050082,2.056563057076513,2.227549879531878,2.1763454452704956,2.1253527119126474,2.217431505098176,2.0421204827670962,2.1883790088028934,2.136468015990932,2.223268935852783,2.176564728731896,2.338513345870176
141,1.6598799873793766,1.4758029461811653,1.906133024930046,1.6849742701405155,1.5400031360890498,1.5644613414411852,1.6674783921204792,1.6597930865375101,1.7291251294156162,1.7004403284560787,1.6475098701358997,1.6374861408401635,1.4782623430388444,1.7015872759746538,1.291879124005984,1.6602180519260568,1.5324116027841814,1.682894342696144,1.517544968654608,1.6214958037356197,1.4950712928920993,1.732292606323277,1.5399977571605117,1.587035222377974,1.6182942197154269,1.667347639878976,1.5951410852488461,1.48573306246821,1.8086452172564904,1.7834101721872715,1.7689893326447859,1.5668029384260258,1.5518704343058118,1.5520085644701478,1.6880861236128148,1.516366920744895,1.576497578778115,1.7859863437451917,1.575217266315688,1.6108877795921481,1.5526219083981658,1.5596716398723576,1.651948816429421,1.6144670152282359,1.6156830921060354,1.8275790592419874,1.5226531654337467,1.5449830557393422,1.5546545302611108,1.7638924692491162
142,2.682802233402362,2.70421821167254,2.7812064855402614,2.6623829220564232,2.712722745113674,2.7666022474443572,2.657945338227588,2.6737619632881247,2.6108285022013233,2.709352824041142,2.705745087853911,2.7617433469066377,2.7123108064773724,2.6948947750313934,2.743949899827105,2.5676128451922713,2.727661602704222,2.5761597634111646,2.716914444264063,2.7416329798271786,2.6671256743793723,2.7346751391383988,2.6089735882593352,2.7467802467346556,2.4978707402489544,2.709488467292986,2.7228850670802505,2.7664239818183347,2.713355605760766,2.756533740113058,2.732863806050336,2.7496060065515913,2.7683123628952337,2.6674889751571778,2.7617428590998756,2.7885087755831854,2.740229408754699,2.7594890179279954,2.710156859027535,2.6771667050450887,2.600726313417777,2.6579865552642357,2.6862555254337686,2.561563446088064,2.7351236318046865,2.8740521500257454,2.8669375647711552,2.7980450288154692,2.8059764815272317,2.750097544236784
143,2.2156015784085348,2.145035898821251,2.195870797360744,2.173992621543926,2.1549587482397605,2.090998384809275,2.019302720137661,2.199227222178731,2.178906289562285,2.1074492391257844,2.1896577178662753,2.1305657999413086,2.160646888115423,2.2195045554270436,2.162145651227334,2.196488211730367,2.2148329460470926,2.0290227257297127,2.047405249859601,2.0711857580862407,2.17567048922327,2.1724402441197803,2.1963416937894076,2.2085821379576878,2.263885181088078,2.155391675259054,2.2000722350860826,2.1310893963865443,2.224444671164493,2.0451638426221166,2.2733136082257657,2.1325638124345048,2.2225824370803533,2.1344725517430483,2.1317764856134787,2.0919982108529123,2.1247131380693274,2.21300133428673,2.11283082881274,2.085497840830028,2.1780075994395887,2.1190519583922622,2.1013335503414012,2.243771107771673,1.9891558868092751,2.18059219155534,2.1150497022787036,2.168059612663736,2.1819131149017115,2.239309314569212
144,1.8315645088608488,2.0225175795055,1.9258086904503369,1.9216157339007296,2.0297366526509304,1.9999962837365883,2.015681860153993,1.9433715312835287,1.9788200216465768,1.8713107548557328,1.9597136500028673,1.8674957982692586,1.8198405804942266,1.97919040676019,1.8972311060733045,1.7714173233523436,2.0214970175987474,1.8987225553042908,2.0727258903352457,1.9818168352653212,2.0112842180333548,1.9683929888088318,1.9269268149315133,1.846741925321794,1.9016823251716488,1.9897083787144707,1.994342006738715,2.041718707603536,1.9075196585115624,2.0313746102483936,1.9460609016154535,1.955603048415476,1.764682019956144,1.8567408537785006,1.826009827897919,1.9959617154479687,1.9625601539973934,2.0121378433547292,1.9787847677199277,1.9886566789796793,2.08450438066464,1.9676888519816096,1.8215499656886855,1.9492703249228036,2.03521953007545,1.988369723927832,1.8752368634690968,1.9648889091605692,2.0170709710355537,2.0076698408492053
145,2.808183113013837,2.7897379849375614,2.7608445753640733,2.7817350665089413,2.68105989422836,2.6205321236494674,2.8449757186857934,2.8550780153272273,2.863996981997261,2.714530605801645,2.7395259075540856,2.7739173423682946,2.593631018441079,2.909412546029013,2.5072833071307983,2.650340719848244,2.8366101019990815,2.8200853671329367,2.810555383225232,2.7860948263979406,2.763580942324934,2.889006150018025,2.8003235030549263,2.7204286614846502,2.7226140257551172,2.8641373746339935,2.7273175370721487,2.7797768745225575,2.7752985290955703,2.836525403809654,2.8803856110568056,2.7971001356073977,2.608361342538153,2.663100378659683,2.8081239358766905,2.6600371195213093,2.6337282145729706,2.9282970093339173,2.735955347452146,2.8231254176029372,2.7113109995551774,2.6949373332614854,2.752488596592361,2.7075348469430764,2.636270000464229,2.8600142162165803,2.7223163390455483,2.7164513175938225,2.7513195056604896,2.801826597036074
146,2.6864951682633844,2.8587707930861654,2.7636766919746734,2.764029983747064,2.784404941138906,2.725106679494916,2.880361413918205,2.7546051231018875,2.7713472966003465,2.694482752698665,2.8173318761139363,2.7155953466866087,2.7814829058429904,2.934739660531684,2.825240017373053,2.7478668788403464,2.920514865708647,2.817510535542088,2.9332928923034807,2.9560205087530314,2.7983104607194296,2.8734277128623447,2.764845024788408,2.7673078378050633,2.7735603941431997,2.906554958953322,2.7921104431223185,2.9070661654908534,2.759648046134669,2.7227493325961145,2.790248434619903,2.900530695831854,2.6960977186885344,2.839449348997773,2.8509938684591463,2.756855327285468,2.840162055284127,2.8316076415099296,2.84030790769521,2.786804723838774,2.7226409611184152,2.8680796595015803,2.71657056170994,2.904116409744903,2.7338171413542476,2.783075935918344,2.8016675374464044,2.778708701776079,2.8312566671295136,2.8672094171741236
147,2.429539342578618,2.216044314135,2.3751660097348903,2.416808529222683,2.2217761428373546,2.3722577954862096,2.4081871491644478,2.3547274309826456,2.421251134037526,2.3081307642155564,2.4125542192763128,2.3992820906522336,2.3498339354598947,2.3462683702746148,2.426978641395497,2.3944184824076977,2.431253951919931,2.3673736725419836,2.2937170212452376,2.346756041529673,2.398376264332546,2.3669317003517705,2.4093688191072333,2.400720516469215,2.4753387383356777,2.3196976459986907,2.4507727151855896,2.2117483405057055,2.4189124139731426,2.181784724979476,2.4567465438058136,2.3611282513365968,2.4920154719666847,2.3774902458058413,2.312101639053516,2.168616570211798,2.452872668050457,2.454463696440442,2.281938537777357,2.3569591432204806,2.417595651612558,2.2206017050219273,2.358519460855785,2.426370599638595,2.3169937612904263,2.3762958796342817,2.2516575192702444,2.4382379897155015,2.386617139949113,2.4245333806378113
148,2.414445041591194,2.272301015198738,2.442193011974071,2.377012721156786,2.2825643325569214,2.361764438418854,2.4299025148392044,2.3394871708422253,2.467615537541617,2.399694590557896,2.3510581223280633,2.3779061510022306,2.3276782023095013,2.4323931902777067,1.9712179910128569,2.3718348569232424,2.346132427320475,2.321252345665258,2.2344069113123943,2.3325708590510263,2.288720324593683,2.4471496692476986,2.3082048765982606,2.226879904857661,2.274916835176377,2.332076819454105,2.2542307439423883,2.2684010400783947,2.495901198217174,2.4900662733214687,2.430081232074997,2.265144933077508,2.236870618808638,2.257927099309434,2.4228550252941554,2.3338900184582183,2.33844758388682,2.4644793587234854,2.218526498708064,2.3981502948950544,2.2749153852694803,2.1977912679853144,2.229771303255969,2.180513942278898,2.304800827996905,2.456993830857666,2.330441203303037,2.272578507996327,2.3036241487547997,2.309392380382416
149,1.511706241633945,1.507064042330855,1.9645190132706638,1.679538206638292,1.7631082688419006,1.6993811897689346,1.647977990443267,1.5607461242366103,1.4902952649276484,1.7292406813723922,1.8014100392949857,1.631862975486019,1.770318206080927,1.710810545971638,1.705822155673692,1.820135399794296,1.6661112320305307,1.6857264302904105,1.6883004008438611,1.8557142680138359,1.3288998300517108,1.6634649525662049,1.5255864532505683,1.6895660969844108,1.7134252749293992,1.7004941076563749,1.8664786009016692,1.6431790697076423,1.7894329643696723,1.5424725894864642,1.776312482599792,1.6306269126287276,1.6719784803644338,1.713455366348219,1.7013973454315123,1.801557295094156,1.7734339032765698,1.6415213041694159,1.6850247294421585,1.6149496005167503,1.7118739994298977,1.8016583712176306,1.629567964797502,2.0177943676735985,1.978993879414574,1.8054319050565475,1.6744002756048562,1.6173925296584137,1.671612194161428,1.8345770284153904
150,1.7671136030266723,1.8472713069764328,1.792461741235277,1.7129434803476435,1.7062297335624366,1.8019760244418626,1.8365945534938994,1.7695540613051222,1.7921691431193683,1.7175910430824466,1.7542085713079798,1.828982954577624,1.8237798282874715,1.794594716193778,1.7847651521476102,1.7858094398659656,1.753191727238086,1.7589075720886234,1.7275331644651999,1.5609911233384848,1.7796729663579756,1.8063993768878976,1.6730321017956604,1.749052806503908,1.795559970561042,1.8457298173122112,1.6861723080038145,1.7680051379230513,1.8017018134165994,1.735797278376574,1.7974119888317084,1.766340604345885,1.7635229498875908,1.7683873085355026,1.7322350769726906,1.717055159302772,1.706562024569468,1.8030130840161824,1.6973049432347076,1.7311587887094753,1.7363387708054852,1.75362902784115,1.7779825274094865,1.7639421577036858,1.7736938135159024,1.7773547534579237,1.8126899512338284,1.7466477496289037,1.7391647791787763,1.8453176041537063
151,2.6229292813911904,2.5100033220579423,2.758887207112842,2.362035772789291,2.4798724431738286,2.4671432062962673,2.646257820256425,2.6026384105547216,2.438551032426222,2.4085787526609934,2.5176271199852422,2.3481312254724402,2.477214364626569,2.403787196775774,2.3513302031269667,2.631903825386054,2.6045139028999245,2.351251900300338,2.4879372915864693,2.6080162969133944,2.5375871410849484,2.513354652438041,2.5988404512841727,2.621971820835788,2.5079358453912093,2.4691162130340274,2.469241528183457,2.415176860560674,2.524500462173272,2.4900643399181384,2.6780708786744656,2.472151346323585,2.394012863780535,2.5770688359439724,2.584279592052429,2.6449850813505815,2.653460319867449,2.4072126904533135,2.5247363287021436,2.4867771785635333,2.483352844449108,2.4994615043221913,2.5347824406723234,2.756696886463569,2.489744684960918,2.651200484641995,2.5295146199152416,2.6055666754685527,2.456767481729171,2.524862902604113
152,2.501279849634728,2.606929962906298,2.4528241827342914,2.583734456460407,2.528155529007986,2.413797973604901,2.6129292560900907,2.6295223486172397,2.645496053293272,2.4880439667433762,2.4265886134686427,2.58089267554352,2.4789208089329478,2.7232686345744668,2.534290643939473,2.544254008926723,2.646986771915552,2.6122203715814507,2.6370530663245155,2.6339805696620893,2.5705407529901656,2.6150186841158973,2.6074200547959343,2.5015877085972598,2.52156619254718,2.6572667090098854,2.4687931585129776,2.6667060297475906,2.511002616550953,2.56910836702438,2.6199393946392,2.61394820359574,2.4407826305011078,2.5407916656749876,2.5728073846876964,2.4946590200639953,2.5281805106593147,2.6435578357341427,2.5942645547231846,2.6189495002344936,2.463403388134598,2.543276439017978,2.585053515965715,2.5627608692621786,2.4454645393381433,2.5824874340487103,2.5651166129178256,2.4486202621377533,2.5991071174242504,2.5683447293635684
153,1.7509143420957693,1.7429259902648817,1.778823248467324,1.6077882799329206,1.805874498302103,1.5571892872744328,1.7022374062569146,1.781604456296152,1.6360844664492165,1.8167674684028894,1.7917135250241731,1.820614176838479,1.7805931208719432,1.710917176968377,1.6634094159750998,1.715536134504041,1.790620715773029,1.7284567489962637,1.7361203166855788,1.7618728036127145,1.7600791215297633,1.7511829021702852,1.797026798076761,1.6720062659483794,1.6993387409919176,1.7822974021517783,1.6530956282731237,1.7045287009412178,1.682458201821257,1.7195210806896655,1.7672885211232696,1.680449202205713,1.8490194447728339,1.8050765370449646,1.7446694079938858,1.7013482408195646,1.6711239802091233,1.686633876521105,1.598204635780068,1.775693328930804,1.7213272565078874,1.682118720799192,1.5319723711429099,1.7073647780329058,1.6940550752573031,1.6690746954269953,1.8212021732979107,1.7204794037868472,1.8067565085628097,1.8027301814954448
154,2.291724623208588,2.193730559799951,2.2687843133088847,2.2476153873919955,2.202702553221714,2.185195570467627,2.1518881817209916,2.268799700114151,2.2465290180072763,2.163945679536319,2.2619086500661396,2.20781241571758,2.2291685847292584,2.292170761556143,2.2293089188144783,2.257922112747682,2.313901035584305,2.1504179493240274,2.1351774175734786,2.1736255172242167,2.2451265309272674,2.2462469519488053,2.2842307967631426,2.304610066343765,2.3496795084883964,2.210039937904071,2.273385725155814,2.181483464332066,2.298808951936353,2.131112507654734,2.3704118524753985,2.235521647563587,2.290733483298985,2.212517034211423,2.230783454508874,2.1604033334426695,2.2221642978248646,2.2949185191767327,2.16255399314608,2.181138437508965,2.2488122935520707,2.1648248152388874,2.2036149142016708,2.333598774224704,2.0863009498611333,2.2698588859103723,2.1806078540447764,2.2463862808835717,2.2633682089049993,2.2993844349939536
155,2.4166329346213846,2.4998948893227855,2.3591964343326737,2.468077528371073,2.4177455010783095,2.316571280737041,2.5087955937800857,2.5104904117114053,2.5130008352811557,2.4095368215549637,2.353243147030584,2.481060598033787,2.3463421585920976,2.6248944397043426,2.3949475894649463,2.438633138643291,2.5188753800816635,2.5159297451894296,2.5266731573820422,2.5081294250454977,2.4836186236532836,2.522020038023669,2.504437068509935,2.4042206182667947,2.3944661040975355,2.5164056023259684,2.375436539530172,2.5099957467540825,2.384929926870144,2.4774991732035687,2.498646471096537,2.5001285606642796,2.3284540141718963,2.4021449370925696,2.4443284800173624,2.3543403645754424,2.41301343384173,2.5174279872792695,2.464627275622421,2.5329825887839217,2.3666510448914018,2.41338351077569,2.498214501387803,2.4131858680956206,2.3214518576243144,2.448576848782885,2.441327175403431,2.3669538566387764,2.493144085249552,2.4437749691144965
156,1.9732193839235603,1.9595402379749238,1.8862764346178107,1.898350398986171,1.8973265056736457,1.8958134474233947,2.1454932345546727,1.9385767450672913,1.9853761608208835,1.8985659937527737,1.9438760350640436,2.0269617763068553,1.933681667417389,1.9818039630220978,1.9623661935838839,1.9787536204579959,2.0595975886788613,2.1842660065957142,1.963353040575992,2.208571932147434,2.1002231384446297,1.9579521707533463,1.959569593033919,1.9061286366276153,1.9529239749397078,1.9016167957581782,1.9402869514110055,1.933112576625149,1.875808584891252,1.975736115787885,1.9250753260319469,1.9949457161918858,2.1570045088149286,1.9060022147838271,2.2048809856704636,1.9466398443339585,2.036452955012634,1.9909548442323723,1.9313521739258128,2.1852753273060603,1.955492303985789,1.9778651567740817,1.8923143719152193,1.901437381524091,1.9515136130967523,1.8564846745998138,1.9828720132092195,1.9690664182969257,1.9686803408015763,1.9133181540707955
157,1.541968347472145,1.533457581905914,1.9574863112236578,1.6302635928300941,1.7178108311798912,1.6297494897343743,1.6599517272382318,1.5069832706987816,1.6221615566836274,1.6438072173883818,1.7773538667249023,1.5746018132388055,1.6292576911256589,1.7069240548859574,1.60837641979316,1.7667288202870628,1.6083004095347633,1.652432256766082,1.7041180746996183,1.8072281270022525,1.4990787694449779,1.7469843561507705,1.4975259612299219,1.6173296104908772,1.7019428935068746,1.7125482402731604,1.7193416622013205,1.6446814490681483,1.8082126467518886,1.6703881274685588,1.6658270672516373,1.7092863867008816,1.6580868669354594,1.707044890840404,1.6914189311632846,1.6268587640770296,1.7949117295700647,1.6888132326832626,1.7063411986030115,1.6195839062893818,1.5913060889669879,1.7653449148076295,1.6050185098279215,1.9032335821949928,1.7859197388755703,1.7629608177075493,1.631137260893845,1.6292136921395013,1.6003257525312828,1.7774324028578885
158,2.138135225349544,2.2494540279143465,2.3773663348423764,2.3860885903636877,2.2660892574299094,2.2798779566424923,1.87482227501547,2.405976371510137,2.019325108754117,2.37697669556176,2.3439087833389642,2.423169332817075,2.2512725334631227,2.229879555003205,2.286878008652602,2.0872083305406886,2.2752013996033966,1.8291128082217867,2.3970561063394307,2.4723689616310534,2.3064745050963564,2.2454705522188814,1.901790719638515,2.4246562785124532,1.7925083452731911,2.4207829494081654,2.403945089371117,2.301958549569946,2.274818384095541,2.328901202250581,2.5033227965745795,2.353071182385108,2.3402019705424735,2.0740068616780682,2.3408078105185943,2.488073239407731,2.3107971806249594,2.3781184696935185,2.3728945742568737,1.93019254433921,2.2599559599405126,2.2721264392163762,2.253060064842588,2.254694579099225,2.3416627365531344,2.334010711705975,2.347712825282594,2.3466596742438792,2.387437874644128,2.292955881800495
159,2.5998100450340687,2.4910710751540246,2.5984666231989006,2.5266270540767657,2.5932566456178696,2.6013004358277882,2.713903702867329,2.4764165161516134,2.529813604437538,2.594210038284415,2.5726897056796254,2.582144049408761,2.519907219936485,2.582708076358922,2.5743644712536664,2.6486802143151422,2.6316574102078967,2.4767668253818638,2.4909394307064154,2.729866143483431,2.5039532326295415,2.492231098795039,2.5608223832493957,2.556738065995274,2.403934372038348,2.568391399790248,2.54574789535749,2.5827562463216083,2.46064133536171,2.6327797038432603,2.574378216406304,2.6195997234263597,2.670266825714581,2.4960664488048647,2.676474998223325,2.6479366247160137,2.5250927986856206,2.472776235141378,2.4799517601583236,2.5957741203323614,2.498588230038191,2.5368277423279513,2.496077848150776,2.3096464037271347,2.6573885847886594,2.6455737105120543,2.6496520070797853,2.6972815385678253,2.59871147887209,2.6655809271381443
160,1.845807727566263,1.9312329203328265,1.8563189080743818,1.8343379952970338,1.7943468579721773,1.9154590709109174,1.9283383784149368,1.862735629634245,1.8655109077851133,1.7673448678686121,1.8368418330255407,1.9298606675957428,1.9148378061358517,1.898572685340043,1.8778929564033033,1.8896405871378847,1.851163431571715,1.8888149059631703,1.8357057631691127,1.6737609161206155,1.869145494766638,1.8959734528435472,1.7228049464621367,1.8307685305529624,1.9237385357377619,1.9237741512602557,1.8036525225211832,1.8367263124344042,1.873744737911485,1.8213719058341136,1.8479026847011593,1.8752684950020324,1.865807684637483,1.8308676908865977,1.8251775777621848,1.8473793567769716,1.7999399172525665,1.8959222272210265,1.7983092783710677,1.8365726047758537,1.833268398857868,1.8430911914238806,1.874474706360612,1.8354219753661916,1.8518187929723569,1.8567372130921846,1.914828126961301,1.8685346084563985,1.7970087348265293,1.9147490167279635
161,1.672420128880301,1.747463838755289,1.7038482713524772,1.7577393401352084,1.8307107671404497,1.8412022920686901,1.8334449494769096,1.7526345225555353,1.7274697436956785,1.669189047991015,1.7255018989865747,1.6931245391307197,1.7931487778050759,1.7013885740474137,1.7836595823026702,1.704577821737216,1.7624463404332733,1.7097654392656403,1.7823131264229453,1.7817030380804741,1.8455285467289393,1.6762892347361849,1.6869282036062447,1.7072329615907584,1.7142804761638182,1.7259148053822821,1.6915965443131418,1.7223748187513692,1.758660502623746,1.8154370954961316,1.7647514443853094,1.7338734966098421,1.6297123615812943,1.6889509924574853,1.745501000719254,1.7639350189231386,1.7839956741533198,1.8064001909676772,1.764498978369227,1.8494791609281895,1.8320140588261857,1.7735841385075375,1.7187042116662319,1.7109206640664958,1.782967230721768,1.8622195946702007,1.7032361970132914,1.8138989938399082,1.8514698056714085,1.8562883291492316
162,2.3088576109576557,1.3678683071087185,1.3121501715904564,1.33546451996677,1.256325730730984,1.3020539869518721,1.4011208261347523,1.384203319277276,2.2522774820536506,1.404840279129651,1.2119356460885005,1.2905971685478344,1.3680359640908177,1.4447145207407779,1.406065242844397,1.203780667343361,1.3956217109491016,1.363339582581192,1.2658218717144862,1.2930453440928353,1.159471955884941,1.4121712332178404,1.3951817823668566,1.418877008163582,1.36640771526665,2.029765150248707,1.4162643541393543,1.2435364106205737,1.432263225953621,1.2739349142986054,1.4213213209596436,1.3769744674160762,1.3270703251324605,1.430407031103499,2.166933107528738,1.2739743701553117,2.0629226075628706,1.25050822697078,1.0098746547815445,1.4155589679472484,1.441485953045106,1.3818510502095425,1.343066440853125,1.3990741868840857,2.111869896231923,1.3420916070635829,1.4227983384770013,1.354627582345616,1.2753841367897927,1.3714059997852956
163,2.6335484706304317,2.817479887647714,2.7451350128275305,2.7853219705227916,2.774679142290392,2.789473939055214,2.87190205755404,2.825796391956848,2.6348277385057504,2.7755695616768854,2.802702639188575,2.7328560480857664,2.910064527067595,2.921209813687107,2.879250997293248,2.780267313577972,2.9572308869663892,2.8345201712663064,2.8586413500615713,2.9748519125777193,2.619582019703511,2.7624716584830793,2.7832530245845257,2.824868612075658,2.749246122333883,2.8613268860109917,2.876257274990443,2.8610456855297564,2.692823372546009,2.58185757652637,2.8726067004165916,2.7670888110993666,2.673107258422327,2.8395524119950206,2.854276061442545,2.9173466083513446,2.791378266682207,2.7691581386734097,2.7620928066869492,2.7269331783232786,2.8074370854201582,2.8694386844747015,2.714800880562045,2.9471917292991527,2.868330967474682,2.7870155591493795,2.822123797517257,2.715254771648535,2.8765525901427536,2.9091620768365054
164,1.599792736978916,1.7351457084783073,1.7635833434047878,1.7547364697466614,1.8331955065052998,1.680812993693963,1.666951291702576,1.7389268970568645,1.7120756835025435,1.6667321039626675,1.7124735738128685,1.62732074824134,1.5360274797655755,1.7378476146086133,1.5751190518454212,1.5192395033372246,1.8009595117039066,1.7226267505098227,1.7889500856301161,1.7142145154151969,1.7424599012814515,1.7136609088818044,1.619616070900907,1.594645638518685,1.7588771003004737,1.6929520927558896,1.8149746963609026,1.7227339038326903,1.767891388201087,1.7878900607622041,1.7280052183694323,1.7935922290283735,1.7382216691334271,1.5929490581133692,1.619263638579418,1.839763255858733,1.7853481055039584,1.7098304666128836,1.827907514525748,1.7659716969262256,1.8323921225434994,1.709108540084351,1.6258995304162553,1.780275599420369,1.7611305928591738,1.7432512131169071,1.643431393460288,1.803727386563839,1.6613417992049682,1.841412353959818
165,1.0397741257328477,1.0261636078318759,1.078404685696988,1.040436646856655,0.9895454280596825,0.9592070273448616,1.0011477929450407,0.765325128340475,1.0400760287462072,0.8457880239840132,0.9756604379383624,0.9996094813888833,0.9664091237466097,1.0568756852137113,0.8008160082550422,0.9981232031784195,1.0759325744318415,1.0666790761046059,1.0794732607141242,1.0049833495532248,1.0193931001141037,1.0415557973278435,1.1250887812602182,1.0969810229200014,0.8035891654467342,1.125231136208832,1.0207205524693288,0.9905668105046219,0.936245456552177,0.6737139928130222,1.0537243903287923,0.9592091969778345,1.0529513395317842,1.0993973460976356,1.047807276614904,0.9578407934204805,1.0253532856066763,1.1067373541458458,1.046863860053886,0.9899701596903085,1.1120428986318718,1.0039858985118855,0.9242303292512872,1.043105394952434,1.0462173003571564,1.111351938264292,1.0231096919463027,0.8852466208264413,0.9150910933771215,0.8414293580470069
166,1.3340657681765222,1.33681354833129,1.334792852766654,1.3110569144345359,1.4021963781324263,1.3508370588075929,1.3615155722569483,1.2454005036117586,1.3632545527471542,1.4180297465528673,1.397813525634655,1.3301381501021061,1.3005180827515384,1.3085500486220702,1.259173165841946,1.3122976983713956,1.3434471638484409,1.258353299047247,1.3061022487597524,1.1876480813795531,1.4130915740709877,1.346087422981288,1.375062564290042,1.3397590782861482,1.2955676952369792,1.2723917289168343,1.312046671571985,1.3392322275196307,1.378266056845888,1.2934800319603301,1.3807457185779501,1.3250924692182204,1.2853375448722293,1.3478212068840036,1.3048634020079088,1.2858719671029557,1.370979238513196,1.4258045526975476,1.376398269098531,1.2675018950340853,1.3160538778764206,1.3381364279756003,1.299470684015148,1.4444006456101706,1.3171259507839448,1.4391746436440949,1.3286287803640393,1.2306294888919114,1.3530546426339765,1.4080160820917555
167,2.1217456262856738,2.119764291327221,2.1184326482247826,2.239789956878423,2.1514646700394104,2.1106143877512773,2.1036990074330646,2.1278092765737684,2.157148021315141,2.206297806653218,2.1828266815860706,2.111459380099534,2.105321791818595,2.118361596429443,2.1873595726782393,2.122658267978748,2.1335109583143943,1.9507302661828052,2.114438667412994,2.161399104112971,2.0776998759306924,2.137903345190047,2.1311086584410184,2.133130936280523,2.2476872377739525,2.1200864152255914,2.177410896693396,2.072386741557491,2.089798018162409,2.116650626743889,2.0716068151983613,2.145763913830873,2.1484888872267973,1.949238306267402,2.083913750991762,2.3148553261117772,2.104820013432355,2.1364832266618503,1.9955362740085962,2.068623427238708,2.062755062410041,2.090420385075147,2.087539921728844,2.1215936336526067,2.113044068720443,2.0777495307116114,2.0767747028638155,2.109199426550684,2.1528364916460982,2.1442163058188584
168,2.372270020170866,2.2479615759313107,2.3329635966318385,2.297061077740688,2.2500454265322922,2.206384916418145,2.1607004856371983,2.3271698942725045,2.2850662939404955,2.239239027695943,2.32200147265565,2.276930149144606,2.2781447709592086,2.320622597126494,2.287155688009726,2.32752129371311,2.323741471207846,2.158228196780549,2.198006570873961,2.228844736612457,2.3177616594322075,2.287614097912627,2.312410422107331,2.3017438925163836,2.3476029413904698,2.3083728850332363,2.326274026812193,2.259876915550999,2.3352013378966596,2.169277676554824,2.3706364711210597,2.27274044692955,2.359152527550833,2.270814792948343,2.2683441412308483,2.221095013218836,2.233862179979362,2.3079127173848306,2.2039559181649615,2.192391677855854,2.3125959718426756,2.2420402293898682,2.229414386067024,2.3545495583528595,2.1357703197865057,2.298690688424222,2.221033186432299,2.3159703725913374,2.3120591700775672,2.3833720871907786
169,2.3433838183627103,2.1084304023441423,2.2909634716155693,2.3813510827650894,2.1300584122691593,2.3403266699543295,2.4591518373084824,2.2928057805152093,2.4309205802256706,2.292185115690444,2.3643860495996805,2.3636614931568243,2.343712698699626,2.218049524592743,2.424381908667243,2.2975862405644563,2.399592733402173,2.3574853839052277,2.1462694504710083,2.2774812089111744,2.371094207515073,2.314162587289985,2.3306953310107907,2.3426126913949163,2.506036952283175,2.148159726807407,2.4554119453524805,2.0619106073751077,2.378677944940298,2.060924167110869,2.358872350775357,2.344216712193189,2.4979049021604425,2.3352716541647034,2.1657293956880075,1.9851600737715742,2.4783142369933504,2.374560261974487,2.307316673501024,2.3351768047711747,2.417236919089376,2.1151794803862956,2.3634508270575765,2.3434570632202067,2.3966180709235623,2.3491326462899247,2.183281077874188,2.472113232768299,2.3052019922685485,2.4250730131770055
170,2.42227250508256,2.397808194840559,2.3604589502332427,2.5165235006637627,2.4372399706711114,2.336552947114687,2.4610617008001103,2.490219813889561,2.4919241064483404,2.3968369679072996,2.274768173328848,2.4546005052553017,2.5780643376089234,2.519284856312032,2.5042726992768802,2.569505784253297,2.4672159890276895,2.494480894054067,2.43240483644394,2.4856334321771367,2.427756203814635,2.4221642536600285,2.4105296906133358,2.4239089315477607,2.4402541722286273,2.4729578771259835,2.2701650847939794,2.454547407048995,2.421871293989031,2.4458941187623293,2.538271773375163,2.449249767876964,2.3822202424850403,2.424557075548048,2.5716810307536884,2.4396729061600837,2.4301008319725437,2.5467437308606886,2.459608993975089,2.5082681570461123,2.2946706385989017,2.4683515251370647,2.524763750696284,2.3853625960141827,2.3747344517838958,2.526123380588059,2.449768667474715,2.358476807074142,2.5395138491567737,2.5332582070125422
171,1.4444015306638587,2.7049871811308357,1.4519402611322505,1.3482719421071145,1.5515551027249561,1.517952579544648,1.4458734647572768,1.4557418965110145,1.84047382229517,1.3813666696717029,1.4665842416447097,1.521685922967956,1.4536857346254641,1.46368412943829,1.4952660076018809,1.4363038855047527,1.5149500377435228,1.4929449394748833,1.4263284016846,1.882543126443994,2.2884971420316624,1.5592110514899318,1.5569582555102324,1.4349642383236656,1.4095206543129457,1.41478101280231,1.3547451488090045,1.4877901225986285,1.423743895336484,1.5275751271620752,1.3867785734009281,1.5674999067301396,1.4192504300809965,1.5592304776629025,1.9716679234131966,1.4209680922819565,1.7982442383117156,1.4340014659719955,3.1613248931746405,1.4704399849074008,1.4354247836049332,1.4148160548061206,1.4707009593081324,1.4832774689157358,2.0066030030978723,2.6557608552054814,1.4450643176091376,1.4268864717125016,1.4149874016711905,2.0951238671569428
172,1.587770327051544,1.7603320366321675,1.3573504751486318,1.6277552594817344,1.6256392298761684,1.6747515420629355,1.5668721198131,1.6113003752572466,1.5816913745143255,1.6946857760220455,1.4783878463754014,1.7411358848469725,1.6980194550359737,1.5921961157491449,1.1619699150938487,1.5458281943963463,1.2410112286857267,1.4404743610569106,1.5227469208393458,1.6228260802667709,1.7018931987891808,1.6733378670803845,1.6614840185575837,1.6451050756454428,1.6562207362869508,1.6324600946549612,1.6433960009076003,1.6571372024619322,1.6795726189024194,1.5405822315438193,1.6816357146602563,1.7356374830306924,1.594019173640067,1.667289540694851,1.4962122478722364,1.5573209237769792,1.6936316273462664,1.6717624079659963,1.7629331066868517,1.6778180289366134,1.6136852590723185,1.6252920600829288,1.5848055395595217,1.5945705815024507,1.5590271128736113,1.7381465335124475,1.566322122227204,1.321094203509654,1.4214927391512404,1.6727390223687877
173,2.036121766541987,2.6660194209942283,1.8527944894539523,1.749076810200254,1.897920321992622,1.7400662128984763,1.7862407359012877,1.8287828261213779,1.9493193406202352,1.7102514979281618,1.628257606636526,1.9995718323279448,1.6674230589894234,1.81139399346268,1.7308808462263485,1.739587279961622,1.9264997880912311,1.9275760433215972,1.6727809086126868,1.9356132476906156,1.965754471997414,2.11125913324128,2.3043487295911333,1.8716050636519341,1.7062003433707922,1.949376704746042,1.7588404168456293,1.7109255475876388,1.7701876019539817,1.7328286728071998,1.8225834028278278,2.0711228976463336,1.8406264703405029,2.1516202305486907,1.8006801681979532,1.8677500361174708,1.8734798399060075,1.878025762548205,2.959209686075358,1.641573986326435,1.843030433394457,1.6928932672084214,1.7670043823653536,1.8290519714840876,1.9098616250858171,2.637003690096439,1.7672231380148027,1.673827665522138,1.6937218713391715,1.910304824795766
174,1.044460276206694,1.0886046232942483,1.0670567319550273,0.9874958993302627,1.0666251592815295,1.0206373820343728,0.9811354560299748,0.8914698635958693,1.0370717268574063,1.0646916001005966,0.8559991194415395,1.8502250508224378,1.06780136936057,1.0726858550951306,0.8822896687907011,0.9957764772771398,1.0145805999564965,1.0879959326818422,1.0888957806826483,1.379799997745426,1.6693587886886032,1.1065763000124882,0.8900431746348882,1.3919095305177116,1.1307863071770328,0.9715731197909196,0.8941971240531839,1.0741442005934516,1.4975055562383943,1.1042198602784765,0.9160499766596129,1.5299114611043443,1.3133014722059464,1.0978049171206736,1.0206991099286213,1.0860069666032075,1.4144549790770942,1.2866161950659105,0.9141173986485747,1.0063770021759169,1.0514953978532775,1.0477301759036735,1.0966409175226666,1.0711704361154197,1.0529118201438195,1.1835490932763175,1.0710919257273872,0.9896015186718117,1.0404006194383086,1.0363795546981294
175,1.2638072383359464,1.3013860144207265,1.339095764704986,1.2691034773631547,1.3028659799536193,1.2114081982290061,1.2794336291170874,1.2978731464869693,1.2413809757587622,1.2800700719922844,1.3045165659525342,1.2620742637789837,1.2506918950350219,1.285283526061903,1.3504109261020787,1.2800402933252037,1.2792795496975184,1.4485892284172008,1.2657880003935356,1.291818416429086,1.300369951141768,1.24191712820223,1.2722988655991863,1.2674499894488562,1.373664393238423,1.2877300522603488,1.3269401876265263,1.2756659381241224,1.2964621672712582,1.293592277969129,1.3426041463732457,1.2704731977683732,1.4115282960503104,1.3053625750619586,1.3043017292310655,1.264811569686148,1.2589653188079026,1.2508013339803874,1.2416094300866618,1.282590673494056,1.308579379272036,1.3029836727727897,1.3586141462855306,1.2860475716356934,1.265100177389252,1.3181363258936378,1.266566050207027,1.3089303751804722,1.3329104506849518,1.2905243752061892
176,1.1084404084463664,1.1103790948329504,1.1345441554979558,1.125319459008825,1.1189109039222327,1.075358765815734,1.1072583716865907,0.9359630374455659,1.1007465366420206,0.978863603861563,1.074933123921772,1.0715147137244738,1.064613813659816,1.176703960586778,0.9398567349747253,1.0796464693364616,1.132736398051244,1.1479866674571948,1.1261995581966886,1.0930733469354763,1.1515134048272149,1.1633357816746877,1.2004037982068385,1.2503328925396069,0.9688606727892299,1.214421496616609,1.0942320243997674,1.07897433494853,1.0795809810068455,0.8754275697084646,1.0934651337645622,1.080649305776725,1.1981824900389881,1.2091970142014032,1.1243768913240153,1.0838665909985075,1.0918988093957116,1.181340157732727,1.120269952271432,1.0504484495107818,1.2271280391227206,1.0706891713796338,1.0528438345038111,1.173271837155644,1.1346318761987675,1.1661145976721201,1.1290937883475909,1.0156302669497377,1.03070919876855,0.9722461584464686
177,1.2718007768950557,1.1918951991478686,1.2692670434023299,1.3398315891105268,1.3555704279169438,1.375875399557632,1.3466085988817333,1.3682718839833674,1.2845646123949157,1.2881532466295615,1.1233208963251915,1.3377236450688295,1.251229622944388,1.4236613975340067,1.1383706796844724,1.1251998782028778,1.356440968478604,1.3812201428704913,1.3069235590136827,1.3484592538701285,1.446263595260266,1.3447331799167923,1.4973310277440595,1.5089581346182248,1.271423854792154,1.3931094675115894,1.291936179094856,1.3302994777517396,1.3090383829597574,1.2120525764476113,1.2365442119068852,1.427070029637537,1.4376980425362778,1.3999449108170603,1.3495335041519567,1.3424074530681764,1.278616823269564,1.3140664038612044,1.318232660964,1.2357958189553102,1.4394816328295592,1.201681248365659,1.2641953304616607,1.4183069172477891,1.3112320974744058,1.383592443297097,1.2232960106652673,1.3159290794772334,1.280137894567968,1.259848574469002
178,2.5137476928700675,2.4803064011644125,2.857054048179851,2.3444355446235363,2.4571420474327397,2.502932158024972,2.810642840133296,2.5080695387850476,2.466230033586509,2.3843865946193983,2.4746577808043817,2.3351326046519603,2.398362002049499,2.366241835192355,2.348538686007963,2.5440611696884545,2.746213338540315,2.3397120296472362,2.4812538541863134,2.5254510724497656,2.5036611377172946,2.5368924905389303,2.7330841659158853,2.7570505210430465,2.480161708980834,2.406748376576971,2.474092925552256,2.3965828730545695,2.490833170620112,2.4717957901891623,2.768869125643577,2.4424467028091623,2.3608423262001477,2.5517671435423743,2.674074041555489,2.519956019598782,2.8696609579035304,2.3779091768092044,2.4449309630456604,2.5182742636533524,2.448011833979379,2.4420040003593186,2.5104547485152047,2.814144467821192,2.47684033421066,2.7975266339091487,2.5418675777562445,2.5735691262921847,2.436455535272514,2.4858312422131092
179,1.217349587062925,1.1449554980163015,1.2189802437293267,1.272342637118478,1.2959172876458025,1.2886532510600226,1.2737499612229328,1.2558430777931933,1.226650258627461,1.1941818928515544,1.078064279391377,1.2602404910899043,1.1955451074913626,1.3506973475686799,1.0696619675812222,1.0844874640556643,1.2812711797165361,1.3167950131404034,1.2321760785686564,1.2621114976817545,1.3464174776025768,1.2869487836603284,1.382398741083648,1.4334256979608497,1.192244641139654,1.323484039391765,1.2177568032829207,1.2552025128607527,1.242148918532596,1.1184974410720416,1.1827595312276067,1.3167040224213067,1.3818369384051898,1.3455530997954095,1.2693708131875496,1.2798919272143898,1.2131025998236327,1.2587866470035856,1.259690532137867,1.172976403867736,1.363244853681051,1.1511792767510522,1.2105508368141358,1.3585940064235178,1.2555937369413357,1.3115650510775696,1.180715545091001,1.2285769787182437,1.2114297524603792,1.1918214338732334
180,1.5512461973324885,1.6111825447152812,1.5895530875880794,1.5568447462203157,1.569317988745555,1.526341787236825,1.6691051297985817,1.468234660814435,1.6076883551720242,1.5696171187730443,1.4652545508506787,1.5781690571174778,1.5416197259878919,1.548305594494285,1.5197722424676088,1.569647665580792,1.6489767610409407,1.6056898166705933,1.5669781791349138,1.6226319682214205,1.606894812889319,1.578869925999788,1.5399106084503633,1.5949793077677583,1.5397312561398273,1.5532294634186812,1.5343054016122557,1.5109691170561437,1.5574870467854032,1.5201220075672313,1.5587335326228313,1.5320941348820831,1.641163135069215,1.568808807078046,1.5545220026479507,1.6412737097836185,1.563377338473348,1.5949138758542354,1.5782068420952946,1.6022940499814053,1.6716744995100292,1.5804471412983543,1.5052133028837797,1.5843923396100195,1.552501084186881,1.549164198081587,1.5577242600325065,1.4548365371529597,1.6210037869804559,1.578672781849928
181,2.1441206438141824,2.190088738812868,2.1794652892432183,2.3243321781562667,2.2410191370790065,2.292180176338288,2.154940068778945,2.1575094785188975,2.124764724298336,2.1738550243422754,2.2322612610025905,2.03104932521346,2.172791417742566,2.162991267117939,2.1739381237584414,2.1555363521587196,2.114091381311921,2.2218726367775927,2.2221708662748973,2.2073428851592665,2.1063597996902175,2.232752994029843,1.950126167872341,2.2771128114208565,2.2469731348931177,2.2896548911207315,2.2101389600374874,2.2474274361329307,2.2384636396349498,2.111420030568871,2.221464742458936,2.274474998076407,2.1620588305095048,2.172856861514026,2.263891175376786,2.0613444068243787,2.1349981320047426,2.1188451603610865,2.16394486136114,2.192707690888766,2.138213963055879,2.23023236696673,2.219579299224442,2.277284513527622,2.2693023278760736,2.249532640884497,2.2221894308102605,2.181863974857607,2.075242763363149,2.2229145588120005
182,1.6389426898369006,1.52530310144083,1.496382962099318,1.6049741629027334,1.6812791343753357,1.7619356614891366,1.8324155138790985,1.6326419776000884,1.6180575893717162,1.624437070312351,1.6526031733247777,1.673837144185934,1.645641015104708,1.8329575014220847,1.5799416458672333,1.5697982440528637,1.6457416910590652,1.6825615027623133,1.674429231904945,1.7528511493567223,1.6938924158791124,1.5938729339297542,1.4910090503065359,1.6654248770439537,1.5987751343368029,1.536182311647634,1.644220422966491,1.734328756826594,1.5892359894887012,1.6800268256879312,1.6075700817142522,1.5938677839777757,1.8649254489876483,1.6748433937600016,2.409348935164118,1.6641572938873956,1.7334754585938248,1.6842890628525886,1.596370284131993,1.895199059244625,1.8527530244590196,1.6842821372493868,1.6268160538856833,1.7458068625331826,1.7972757039096656,1.626641978050718,1.6358276307131536,1.8716920520312739,1.6660034004451987,1.7292127893761133
183,1.581393873607004,1.6033280188305916,1.411982931143399,1.5826749376305873,1.588314838949775,1.6185603663662818,1.8182518492611095,1.6118163696554006,1.6130554353065736,1.6169305381476695,1.7398232075780538,1.5806556245550762,1.6615760632835688,1.9051538627735098,1.640361929164218,1.5008964626818937,1.6160753329366724,1.6545250154196705,1.6951689832023291,1.6285164086334305,1.5445811055444079,1.5909726109583122,1.5020279529994713,1.7886176668369433,1.687875801930872,1.5245125948878133,1.6244095144776036,1.5707368743809011,1.5956370396900734,1.6148195575323472,1.522275572378982,1.5849767759364828,1.754129758764016,1.7883760529896904,2.3260090794906603,1.6440297541820748,1.6378401041684134,1.6326226165902469,1.520644393345524,1.7673260625411658,1.9671497374520621,1.7934601850375105,1.5986672249242275,1.7078012748240763,1.877601571227224,1.5989547260045551,1.6502778041187245,1.974927422262792,1.5768410384154237,1.5928552470152724
184,1.7282345328003843,1.6706173043872905,1.8114027117172569,1.680142540722354,1.7296218367151277,1.656076294190469,1.7519759037799787,1.677492306290722,1.7280917120930912,1.664705028794442,1.595136735517812,1.7913567862612254,1.717723561819147,1.7203439805461915,1.7130273648159107,1.720767548778947,1.7695945083609343,1.8002396092105575,1.732326024527179,1.8367963532007119,1.749940683430106,1.729174643808129,1.6681246583983453,1.6853554849222068,1.6998659584617286,1.737809193023094,1.7102322545878517,1.660734027144624,1.6936143099206484,1.6208794596314564,1.67800953275401,1.7497821173862533,1.871964767806066,1.7124458608776134,1.737417859269959,1.7892268707920316,1.7500294455250245,1.813762590928686,1.7317215755342676,1.7914394733733214,1.7689417672838452,1.7756719445567013,1.6694447834228185,1.7155540362103734,1.6335445966388829,1.6824380347637482,1.694432241876199,1.7001124399029175,1.7298810784228298,1.6983937103866218
185,2.081861919442126,2.000654263957795,1.962331508006006,1.9382505278014364,2.0108894135925466,1.8702458583769488,1.9703927280886866,2.0679489654857752,1.992043224210855,1.9800229504147353,1.9990414602564641,2.0172455865930483,1.9135285738840828,1.977905234751276,1.9366253959312978,1.9116773820360926,1.9515476398162104,1.9315249613653371,1.9471544509390597,1.7972460307229703,1.9187949826804855,1.98754714457759,1.9761712637598037,1.935723418198915,2.0221892814910998,1.9110007363797639,2.2082679560523726,1.9508859974260897,2.012805869625253,2.14503680690392,1.96538716538039,1.8653126924544474,1.9890305312465166,1.9578368437492584,1.9136636703093046,1.9511419206341536,2.191016779246895,1.9260830049286497,1.8418061447326828,1.9796600070532406,2.0669694671479153,1.9771076938692451,2.012753069601658,2.0210052104122624,1.9804205467437974,1.9046237087819171,2.106518431549608,1.844068514171537,1.9168417326255636,1.9271180033299755
186,1.8428540887922198,1.9466592747030909,1.909729038889994,1.872863172955718,1.8312051329973702,1.944570899439051,1.903931754754037,1.878094241068907,1.8667722830061138,1.821195261540725,1.8724773869923155,1.9148762537817134,1.9895980024413458,1.8986233583558816,1.8693572011868564,1.9625735138731137,1.8903133399037237,1.834972453421309,1.8226936683685206,1.722944295385214,1.9384933268063715,1.934815546882441,1.8098393251564748,1.8757632097155685,1.9353325296580426,1.9171000224480013,1.7574430154420968,1.882688082367224,1.9449287110788136,1.8510642019996544,1.881411980765817,1.862525037283124,1.8848863263829454,1.8906589910229958,1.8174688933751568,1.8940055010296488,1.8186141038183896,1.8981858552260071,1.8321815426785504,1.8306258041538142,1.809460028715062,1.8302531564786388,1.8739936097900678,1.880027765084419,1.874082120973564,1.8576460134193526,1.9155101420580118,1.829653277474629,1.9094939554516333,1.9032946658845447
187,2.4733945710209024,2.346008174460664,2.8717455229222466,2.296681260610658,2.4893676583545297,2.54537132542076,2.3985043762366516,2.5001375857134205,2.291404119431869,2.3034040636156536,1.8092303926776,2.52304629272982,2.401356879768521,2.411091070299946,2.734840305942086,2.242103482872631,2.4301088717953725,2.4101164941536837,2.606568174276326,2.470140180895143,2.4668215944692893,2.592325671062266,2.3007960910229066,2.279791901352155,2.3788720516335857,2.6208192632169514,2.21115062449101,2.431622459469456,2.2596760173634287,2.429850086994689,2.3825826140843027,2.531366045280809,2.480609917855916,2.288896825097157,2.4568112639370945,2.4446431045825854,2.2224765988568635,2.154846792463996,2.801065096654746,2.3812402401052495,2.1656656447922256,2.5420044594754287,2.418246370516499,2.5006223205387528,2.3663338360566755,2.4129803209059766,2.1154630677073136,2.439798756015845,2.4461367269259995,2.4795547514952867
188,2.1095665828406354,1.9239292780824258,2.073849938973627,1.8800085859440578,1.8880222713292714,2.0486596794421104,1.9779730097645114,1.8641041864884436,2.0791340314451086,2.129486442195395,1.634923723907352,2.7755535123516726,2.1584722696002654,2.127454679594436,1.9205351418519925,2.0219116204615073,2.125467712712941,2.116531550734475,2.046176398910525,2.199380093428907,2.122697531288525,2.1234117394274,1.5654745807740458,2.322903608469403,2.1563628231226986,1.7818517094822353,1.8252342731665685,2.078596653540046,2.324098669047503,2.015892044202543,1.935479750338276,2.1974800476317435,2.2030346682144994,2.1034817985684837,2.138942272743634,2.073336459329422,2.3288637159745456,2.228889427350957,1.2518502642949265,2.0707132309912666,2.1166884654381324,2.0655662168704563,2.084628838570943,2.1152907982172593,2.101823178698968,2.0984354861129217,2.099487037847606,2.1407845223508772,2.1218335558585952,2.1294066157260048
189,2.5505981512322524,2.331646107343193,2.905395956556255,2.3104402014209864,2.6005295255997787,2.6719461497429755,2.5208231728406965,2.576375902174984,2.275034107273761,2.317316584676746,1.88587818427977,2.647230785216749,2.484746983208993,2.5026814079679767,2.6822225431872155,2.3050598790051495,2.5262597790204637,2.517895934960002,2.6107596640704074,2.5338223205408212,2.5228353483726096,2.7149871791912785,2.3106702140244,2.3144592111710214,2.464156288827713,2.5748359299405124,2.3410414193674054,2.519123906134457,2.2784202063760848,2.501679421875677,2.449071606133767,2.652266697257758,2.542400756726777,2.2822336014986417,2.629667973048356,2.4758385231845956,2.423957046230048,2.29619429182177,2.722002217209635,2.501455161159221,2.361687185680637,2.574742272572127,2.5341139541140976,2.6181660044198543,2.427720110288707,2.4985283689866113,2.310253179350216,2.554836820222741,2.486468737069899,2.6237130574626573
190,1.828005737241424,1.9430736009833955,1.8726282955855122,1.8673052314057035,1.8777709846582997,1.8160096826823713,1.8633197140923325,1.9055447906455973,1.8084677813529764,1.8690244589881866,1.9252738899829076,1.9316040113384458,1.8879536602842801,1.8138530416028755,1.9021156481230674,1.7758634174088916,1.7386650159593877,1.7770129519468183,1.779716902115993,1.791559478196147,1.9572843653640977,1.7188289486954087,1.8307896172684117,1.886240154760566,1.8463367077782458,1.8371138282795314,1.6656898596046803,1.947457114250053,1.9986781896610992,1.8225160841494041,1.8304540448950357,1.8646133058739114,1.8634717251915163,1.856403955896507,1.901302881547112,1.953957553909385,1.8346896327283693,1.9444462365241861,1.7267899964369633,1.7933905668143986,1.689742018821871,1.754097719011357,1.89343596324737,1.885942984789863,1.8217896097253754,1.8646413874335135,1.8882817104672043,1.8163809210861035,2.0661153457848123,1.8706069144558874
191,2.4972241652009117,2.3457891026617954,2.475610268363006,2.412031208857103,2.30774842579544,2.3755253483459526,2.4085750902170684,2.4351005395802403,2.393819448520375,2.276085252855873,2.484047493555064,2.389434103751068,2.364945339599487,2.482015369885218,2.4155307551012477,2.466276696198804,2.4980997819706587,2.368777921007843,2.4113427417790607,2.4136126244968157,2.4230449035237456,2.4363629170655052,2.450037647516524,2.485987820773248,2.477371588316238,2.418925141146641,2.4317603467543663,2.352092726560052,2.4737942891670137,2.3283604011848453,2.5735611667694975,2.428929985924169,2.4438212038691383,2.3981635514896027,2.4639681663300657,2.352475961194987,2.415116705926736,2.5025090881100596,2.264963353574686,2.3690451368378973,2.417201547236303,2.3204123218930697,2.383697455540897,2.540032858923574,2.2728112034592733,2.4543005387594885,2.3498752201136117,2.4385274393319207,2.4561649040077005,2.453464977309217
192,2.914735381763702,3.5640551611361637,4.747636198913572,2.7225470158832277,2.912502076451844,2.8717912304691993,2.766863510019853,2.7313828010498407,2.737937293804279,2.665483056693084,2.488775812816309,2.8871158927000593,2.864596428904136,2.789112073353934,4.1631930984149434,3.3190068383312212,2.7735994328411806,2.794194368011903,3.637820633791783,2.747929696674859,2.731980306284072,4.061880509979236,2.6522157967126603,2.6447551681508736,2.803927033717309,3.6890429383474412,2.609565951093888,2.765295892325854,2.7047703052977248,2.8560565979966768,2.7922797890920172,2.9320513845679868,2.7284961267916135,2.6641800337861445,2.6603154298118596,2.768384250848605,2.66694167353913,2.6235806606654393,3.987613067073241,2.7580087206666164,2.5908937428181744,3.745064378758508,2.9290485140304767,2.893658623820346,2.7927753041741745,2.810950629507049,2.7209940550123157,2.7517202393577023,2.8243949922956375,2.9372676666048765
193,2.6464538699789433,2.608754243247132,2.682644420440326,2.5713264305326398,2.5659573079964844,2.5900485943905878,2.6637344249330965,2.62502524482748,2.5509896744939233,2.624954462778839,2.5205406657844733,2.549526173165206,2.4541363557025058,2.5393610588852766,2.481203392255498,2.6349740619342583,2.6179655380375895,2.3734697139797936,2.5436685391324882,2.7508883824488954,2.651593752869722,2.591256748481447,2.6519772945701936,2.6812229623573103,2.538238465364854,2.476319815214083,2.617507601122277,2.562134043058073,2.471951124573934,2.6006514037800272,2.6385800082614064,2.507150627215495,2.612123668162811,2.6655228538555207,2.595772784214873,2.726862401261352,2.658668854528699,2.418798250237984,2.71048308598915,2.5570809067933347,2.630263150132805,2.6382318649144096,2.5185544258333437,2.6371940850240705,2.5029405612585407,2.676859479180047,2.651028395939635,2.6302051082708306,2.5146304031294493,2.5599206419458937
194,2.5752025203698983,2.6073791921774756,2.678379844028509,2.5194465577715546,2.6478084487747005,2.687813972949029,2.6816365381169858,2.314686510528775,2.6643168559921815,2.5246393798836486,2.7109973478940397,2.5369824127160943,2.6040421302614103,2.650161428926027,2.4505712512708975,2.7716872350516475,2.602220153451878,2.6639901162581783,2.4992769061596896,2.651300213518134,2.579799026009386,2.6693233801860163,2.568611195755606,2.5830240665133495,2.6120827675779346,2.683295502786514,2.6211987623783526,2.6907271866428744,2.773908939464078,2.6981221418010715,2.6732062598246724,2.6004705730820348,2.6713288852011594,2.5627481605720384,2.765093758707273,2.70107913890968,2.7383804413330175,2.4987113485738277,2.607591590562948,2.6813255359877486,2.49208980263019,2.650928880644468,2.4158205631225087,2.6511844908251554,2.735290658958305,2.644388234121825,2.7021780697261604,2.5571748525395535,2.6803306042887574,2.692141889074003
195,2.341545826620054,2.308052280055847,2.288443525270699,2.3302515574980744,2.265910372688026,2.355806326586447,2.4368869362626757,2.1743806171564923,2.4082172921041636,2.317256698445913,2.218729427300927,2.350138136974632,2.2383846117220365,2.412130130056924,2.0584029013997114,2.4884674504514477,2.2688956070600277,2.4271002246640463,2.100909084486144,2.250698121429666,2.336803940126149,2.3418018896891084,2.35135813947079,2.275320328307238,2.247644982729117,2.331425324097896,2.222324569420188,2.265764370037463,2.3875294922640236,2.45226015697449,2.389253876561696,2.178361339328248,2.3105107681417625,2.2331728112379157,2.426831448983666,2.3227357887549847,2.3474952654805197,2.2594792028227175,2.226243922684594,2.4169683157417348,2.194935948067357,2.196981597142413,2.250561764294858,2.1349042858837546,2.300724011688434,2.3374383011537088,2.3504112680669467,2.1782277990979857,2.367474183104884,2.318469840121791
196,2.764147290042211,2.8481996219663896,2.8780245755274994,2.8730301317999145,2.8526049401555653,2.7637973949795036,2.722913804495744,2.743081896445594,2.6822609481485413,2.8373179376646966,2.8446884862488853,2.714494056257946,2.8071269319539036,2.88415341796789,2.757331505229665,2.9139996711526988,2.9225656764499597,2.923682176796108,2.7571403029474837,2.904316640436612,2.6539482396777103,2.8309590810721907,2.864704479429081,2.904162448907339,2.9005271625920344,2.9126841188735537,2.984790563262858,2.8624162208524275,2.950614877225312,2.6882828900581823,2.9864028886283798,2.8231348353818007,2.9443912343729792,2.783180797453337,2.8320001356921365,3.060978229225439,2.8322464623263564,2.646111824968404,2.8814974952987606,2.8241145729981305,2.83804137340082,2.7979226900689866,2.7842292579949905,3.01679826233252,2.9709559153767913,2.845522078313417,2.8890821051446824,2.7088996346286667,2.897822373581554,3.078333490126381
197,2.3102895365319718,2.3924393586485806,2.2627441262203583,2.4461859050895267,2.3775967378417437,2.4143813978175084,2.3051340410569736,2.1978279957813753,2.3133272917112624,2.24196345442326,2.3476214596121414,2.149878222188179,2.266839266321206,2.288027728143434,2.236649297112952,2.392032261360406,2.221164493937513,2.4415251688334116,2.256711986634066,2.247163851400912,2.246132341344625,2.374263331040039,2.1370238486324027,2.4993279737912957,2.365397412692996,2.5041655270188183,2.4316773955471547,2.3674285375768704,2.3352237933161994,2.2708669079102917,2.389907286882867,2.343370622413037,2.3378139744230104,2.298768000152709,2.380338145017901,2.2392012001083526,2.2045684080649632,2.250663223995046,2.3134336308063994,2.312123048761654,2.232639681157494,2.37048068117854,2.348445491672935,2.42574403598414,2.445820256574848,2.3815346428727597,2.3344871541802252,2.293108966160613,2.2576689703441897,2.416741424830695
198,2.5111219004904757,2.5580080835430206,2.646438213586647,2.5346012800209694,2.6497526452189195,2.722079830311176,2.633559484818904,2.353608204884281,2.5212251657295335,2.584517847699235,2.7093049259722797,2.559763924067285,2.7194002283608345,2.6238780510917863,2.5320420224231412,2.7925104742609386,2.628881651631815,2.6803448498826272,2.4496645411031146,2.681063630672986,2.3788869869728124,2.554074610993897,2.5825837264861766,2.626927374495036,2.5877358123386287,2.634465581424239,2.7032586642968024,2.6673568959398892,2.7336810061913437,2.5681082126944994,2.7660997148455504,2.4967800823368194,2.6497289120909606,2.5408535158294026,2.7677609498195066,2.8374247115993505,2.6896330407214686,2.4079886404122863,2.5497117773202627,2.6443852695889065,2.5680504509416835,2.6585158207725232,2.418897763551005,2.7217731197584962,2.8825120862371962,2.655474550498589,2.7149996737617847,2.504580763324242,2.7428813144075477,2.7389824512778382
199,3.2802874876027133,3.4386611511263823,3.0601148140116905,2.924662753421888,2.938377466390838,3.078405298100293,3.1694613907106444,3.1213169025681253,3.1891788937865435,2.918909255769992,2.856844218997874,2.992628145744193,2.8812239621184155,3.1506828668209312,3.0822811526377123,3.12101741603683,3.238503432931231,2.98819367691247,2.869015256358317,3.219631966488455,2.8209483930433823,3.256887303002486,3.1908559978263913,3.1235998972313617,2.8885420630107674,3.067559641321127,2.9967129223516,2.8678345119868798,2.8730586540076093,3.1136754777247386,3.1007476988093092,3.271286981193764,3.117828712553127,3.253113966311725,3.134922696398675,3.117134355718795,2.977547478337941,3.1186215997481455,3.343141874436128,2.9120212936546324,3.1614878101017734,2.9061186003286714,3.1554293218201543,3.122729549618507,3.245429225627147,3.4585233257975396,3.1782254829301646,3.2458232375176372,2.928101614367211,3.2128226797104418
200,2.7589120673757273,2.8327913642155664,2.6724485377055736,2.808397428475123,2.6927249335304175,2.8947468178858102,2.752445029699537,2.546950829324319,2.6822287246090895,2.5573045890873978,2.83081567519202,2.4763409978944084,2.6258785048551214,2.7505594808074516,2.6303175172879003,2.8061863606872652,2.5733621998910348,2.89581038699159,2.758047317503003,2.5377693921885838,2.5834909597492803,2.819217867944447,2.431079866458809,2.888931229644246,2.8323698872004464,2.833725388963371,2.863561169903333,2.8397852435781026,2.779706670604151,2.665607198925836,2.7916714069860795,2.7844911321701673,2.7931672249627066,2.6157565031597105,2.8950472664693843,2.6450340068611666,2.7074001458763908,2.5978048918681855,2.6698657530266363,2.829660968472858,2.712235426917651,2.8046509657954832,2.779262086925378,2.798295550848607,2.8302455705683727,2.806021906829381,2.8443022010320256,2.7782566868976115,2.527822736742838,2.7861980929446784
201,1.7189507394237165,1.6556560326099952,1.8986540180080613,1.7969841898204528,1.699151856826834,1.7046129566853896,1.8186602447222366,1.6323675391057413,1.8481532194909027,1.7391493819425037,1.673768336101773,1.774057082536304,1.575641711244442,1.8163535031625937,1.59382209223139,1.9520117984759686,1.6355347055481548,1.9346203592161428,1.5455278076320766,1.7272985080457541,1.6733759711640346,1.7648350491985827,1.7506189272970385,1.781763613739038,1.777184441354109,1.8592949503926173,1.7397834495730269,1.7115562744134962,1.8782585501591926,1.888227885194616,1.9076320789527887,1.6661113415703355,1.8008175831321331,1.6914999555311283,1.8888004530203775,1.6886288460100598,1.7597664210756347,1.743900695583113,1.7634514746286287,1.7891144280207403,1.637690414728592,1.7648749458267048,1.8241604480191675,1.7777704476662421,1.813966268791111,1.9055820862305097,1.734882828521326,1.5965578387852677,1.7896044392927863,1.9463738987322863
202,2.672058003926323,2.635717868602023,2.529109481190906,2.6685594052914077,2.693355087161904,2.702344843458409,3.0778200304125924,2.544199070197015,2.6857784674544174,2.6988139954130688,2.692118853588795,2.7139498385777046,2.528187158516115,2.745024120394141,2.7118493174904668,2.6683091432329675,2.921522130709295,2.5672158550236555,2.639747110796396,3.122453505989524,2.4628253594471268,2.5655952670010693,2.658128900685492,2.726025553420952,2.623078227381665,2.6116963729574483,2.668048649800282,2.739793656365194,2.5039356318718333,3.0534848319703674,2.6790365918041568,2.966092355011714,2.731229795165735,2.521727680742016,3.032053390020632,2.672836948032039,2.6817683677802453,2.439045120206151,2.456227638305357,2.8828918677788984,2.6009168927962847,2.587071813963094,2.6413605853734152,2.4028664049391555,3.0369126698250763,2.876000456454185,3.0220157816524633,3.0572727271622373,2.702522648645191,2.982154678726669
203,2.549132720336017,2.5449470071598874,2.5652264846563,2.471728302179624,2.467276665676364,2.436076839031653,2.4474371235222225,2.532158047749423,2.462810393525391,2.5951572136009435,2.4310406391802317,2.44807028729828,2.388564359357016,2.431278591669418,2.4354484278109503,2.5405617652271957,2.4482500449435403,2.174214885340218,2.396872724702547,2.5957079787610677,2.589436905798946,2.4660958163120146,2.5307418421341703,2.5167354381191664,2.369472023233236,2.365914033100591,2.502895008625128,2.499731169734094,2.3263387834991445,2.4610961258230546,2.4871118318798695,2.4085008300776725,2.553109259864785,2.5640259371712197,2.451596335684812,2.597613433457772,2.4675617444715474,2.269076799249639,2.6353512797274483,2.393232930314624,2.53299656957158,2.5976222191969214,2.4002164123198444,2.4742633777793124,2.3751657548416283,2.535489872564008,2.543767815664051,2.5204990975076402,2.3908034311008888,2.52629039773646
204,2.686954515072447,2.6547665639927,2.741020543724183,2.533365321318625,2.5678019658077744,2.562266925819845,2.727504724801758,2.5998832148536337,2.542542793426666,2.6039073345571593,2.563695129485378,2.5171729490586,2.4953603232922816,2.5871422472787344,2.3364494547277523,2.6646518825501353,2.6484144502310745,2.4416500784132498,2.5874764451333316,2.777361358345516,2.623918748254571,2.642543001137202,2.63693741157208,2.7216746585544325,2.5611355140798917,2.434394936119432,2.5926388904482884,2.564009515602905,2.5767654325022153,2.6944680930438416,2.682060092242657,2.5931696009572587,2.517272346544578,2.686858855878093,2.6627292591471523,2.7607651938459963,2.6347854054410433,2.3942047006579585,2.680583973275507,2.580953082581322,2.6041999959803093,2.6431471974594523,2.569548023736459,2.7379970281838553,2.5626524557364476,2.707902347594727,2.650684622058318,2.6319698091363923,2.5992152940630935,2.605672700962252
205,2.6075355643137446,2.6089273942991924,2.646234275696763,2.5271732804340985,2.505159296717432,2.5042016448612294,2.4740236528952586,2.5943166633720907,2.548002189173104,2.614685370600388,2.5360809686842636,2.483838138739018,2.475916803333554,2.526316751393111,2.4836404547042186,2.596127551882301,2.5573995835110885,2.247575295541715,2.4792446384379883,2.591792675065143,2.682134179899002,2.551871600348134,2.5907490949469145,2.5699939004407004,2.4070606262364276,2.3831351501929845,2.5677105981987847,2.5477306588218873,2.3973470755140447,2.513951527601666,2.529388267317197,2.4578511056380563,2.572835878442728,2.6052414044791696,2.5400098935695397,2.6586329794229027,2.492571008081523,2.34243469929746,2.6583320681499245,2.4244569673151357,2.562029119527395,2.6798975619349434,2.410411661491395,2.555752683174024,2.4505694656787824,2.633831954699711,2.6394472030531837,2.546254898888133,2.493633225566819,2.626596527101853
206,2.0023636740629263,2.0872635606098324,2.037389845893948,2.1260641368917756,2.1322450959518378,2.1285508864607605,2.1244364405743354,1.9823919706916708,2.0623387111741716,1.9505986108147084,2.0255620646172936,1.977256213549909,2.074375068965715,2.0186118181442776,2.111046745628192,2.1359500915548417,2.0818128432173033,2.134765772528831,2.0265697971468803,2.051383562966622,2.143131368648664,1.9935965119361487,2.0490732135817993,2.0627746766688517,2.0575868087236024,2.112447494243421,2.070118604663957,2.050036504096056,2.051171741795428,2.19422017652061,2.1811337521798713,2.000854358930276,2.018607159842656,1.9361613583032629,2.137900499181992,2.2199982241998235,2.014111112139318,2.059200891105487,2.1004126964496543,2.1339908042151023,2.144523588318311,2.121639949532165,1.9999971465833823,2.0336444726592955,2.199816590333903,2.1556397955257287,2.0186050219372165,2.079952369699132,2.2591289063113305,2.2770929716160087
207,1.170684745573892,2.010406969973438,1.1558048895921331,1.144011601102262,1.1642933629417516,1.170810923663523,1.170996937344312,1.152656220977756,1.1735976994853985,1.1668040404125692,1.1632620021503293,1.1679269123531881,1.9613169795103618,1.1755955983801787,1.1620461137527474,1.1437034917425626,1.9246276119045866,1.167779168068599,1.1748010818727366,1.126480624862622,2.0043722095811773,1.181173514566641,1.1441695538027792,1.1704174193217227,1.1703001443079906,1.5223925065060273,1.175564279410251,1.1560737593126085,1.1516169099351572,1.157962091942807,1.1710949495952452,1.1607710586079456,1.142084035284416,1.163292741146785,1.1739494332373361,1.1475074417558435,1.1689791151561186,1.158988670937763,1.1536407961760293,2.018062364981997,1.169298503250353,1.1644712268804014,1.155966624888766,1.1603974580893537,1.1754908420485526,1.1809339569750863,1.1728349384343946,1.1639134040948882,1.7839204171524976,1.1740572026487204
208,2.2532307856115388,1.8836953319876226,2.1216453649901474,1.7761082807627915,1.876654095723055,2.1893712493120816,2.0243786764882508,1.8393727464340097,1.9239614651138677,2.225855020116954,1.8971668600982667,2.2353782292865336,1.8848202048512324,1.9482010635053886,1.9002428389665982,1.7564703496052738,1.946387969955227,1.9387893017428515,2.2199791494094008,1.3986613303287294,1.6820808806427454,2.240597339500174,1.8677981730357178,1.935390925994323,1.7663402293808836,1.3282904428496076,1.9539527699962038,1.8035483463457087,1.6757096170873247,1.9375252418844897,2.28838961945498,1.7328216435127803,1.7620670721416332,2.184233058454697,1.9422280981830014,2.164063499146131,1.862327888077453,2.1902442871322485,2.09109187706835,1.9734164534663066,1.9187619681347758,1.7529474279360784,1.7378507251969477,1.715314953914655,1.9113212155418502,2.3777565891094303,2.175051990241146,1.9146830612735481,1.8251714622202098,2.2213535338042973
209,3.378633855205978,3.0134434227701377,1.9459899391405795,1.9742422347466384,2.983458043780793,2.976643834498283,3.1797890661049397,3.046663071693898,3.18896837807255,3.0370140947644026,3.0842474400876263,3.097597129523317,2.9646555878911762,3.0200121330850105,2.960132539172642,1.9828959293619293,3.3291334500471894,3.0381431717037595,3.2463228823891246,1.9294473364269198,3.0947266542865477,3.001622876872788,2.9876290656850006,3.0782741440497716,3.010975128842359,1.918810132545218,3.1183081230885747,3.007936815094858,2.9586640035844134,2.9544258845763993,3.156096365134953,3.0234172783470816,2.0395742083303254,2.996488776703493,3.1206518650638966,1.9794482187283613,3.0695687403187066,2.104084487182009,2.0395440479519227,3.0935613638216832,2.9967494302425806,2.995271455253488,3.009711842456362,3.0008679439404986,3.1469766310440495,3.080804020035478,3.1549779543618133,3.054783517188204,2.045639687096509,3.072878752069439
210,2.919178056164826,2.515927717073044,2.0538538510971946,2.1041705037173024,2.5037767048172688,2.4822906450391535,2.9875402539079854,2.520162502488903,2.723998657086577,2.6773017161673636,2.521906489802568,2.5575811771171786,2.461031408434419,2.59412011217581,2.518205685807871,2.2015313939258605,2.7643797122100713,2.556631547535501,2.5948318631457017,2.03619478310657,2.4946710623003687,2.469972230950521,2.609257878611851,2.5864446153820415,2.4924980411013307,1.867624433080067,2.5900290909618136,2.4912134621577486,2.367658321821385,2.4339404138250558,2.713121417343272,2.490416051314721,2.208548082576794,2.482535643423714,2.7490008151003824,2.131238606522192,2.462867192558527,2.1069158769195884,2.029152195078826,2.702488379301265,2.546695731542904,2.5160611646449293,2.461222035983498,2.439229406732815,2.548586418253077,2.6184230174781744,2.5382509686641788,2.5173663364009435,2.1193468854864577,2.6810730180514355
211,2.2530956593169025,2.2335234816442453,2.206165950026138,2.1363565824955932,2.185236925731789,2.292897884679104,2.2904687789616975,2.270775196246007,2.256022641225366,2.1273635124474266,2.403884285114599,2.3453855556528014,2.190743842308313,2.220302080552748,2.2950388028608524,2.2542274549502217,2.163755071760921,2.3115615926784487,2.253645573659206,2.2443746766090458,2.4316323222985545,2.1021686030031104,2.273041506096143,2.1706760878063296,2.1865240320257637,2.2271747832865847,2.1318266745935555,2.248231349273766,2.294891882919476,2.1630351556820835,2.202021790547862,2.197328725308987,2.3203286810825023,2.2514795393908713,2.298266156020352,2.326790491535956,2.2287096068469423,2.3450645536885055,2.214130518471172,2.2568260723140803,2.1021939849094906,2.116418940380754,2.1972452064471515,2.2015630801571167,2.178089902357396,2.1909439118618446,2.340789542869083,2.252972054101038,2.3176176511172137,2.228581141767698
212,1.82363978040084,1.516967302489359,2.0057935268958467,1.5552412273512672,1.5121578020479824,1.8177646163456718,1.4504289172795986,1.3950000657475194,1.4716579833660495,1.9055418810532991,1.4468887100178822,1.8268235901350351,1.464732159693309,1.5130719846912788,1.4348871939500376,1.5595737242658188,1.4051642326038483,1.4808780830715027,1.7853183086411732,1.256625257648615,1.3492471312389487,1.910680801520189,1.4933561167212872,1.4521329399656953,1.3732044238697707,1.3078906278856772,1.4697332955038416,1.3401147643394573,1.3950010711428735,1.5051274361043703,1.8542262847914674,1.3329081988720404,1.574229537000619,1.8882146932646302,1.4329043618228763,2.117809640125861,1.4508947098219438,2.026729483488051,2.0310134170858323,1.4556400439731974,1.4629804042164718,1.34752377213051,1.356300589786283,1.3591517101250181,1.4411406546811598,1.9597428027104202,1.7771218062635823,1.4317725226174538,1.5532182270534172,1.8099958911004617
213,2.5109476942576077,2.336742724024255,1.976787701380129,1.8643365517152226,2.333674913713725,2.362156344484388,2.29631423088931,2.314195662336695,2.328617117700219,2.416847256251212,2.3262801898135397,2.364787784592366,2.276301383993397,2.294111937660781,2.2531897080937857,2.0064838554763686,2.307849626457392,2.3386589670933366,2.49625995661747,1.8196656166796732,2.320614704005701,2.355428400124959,2.275558489233072,2.3895986341672657,2.2761628041187034,2.0024003326646214,2.353828297125027,2.314566029575227,2.370265419575137,2.267081096307084,2.4602690692300513,2.2686029819414166,2.0045805297297363,2.389487355754201,2.2845016507172904,2.0976436437420247,2.3152848990261274,2.087019682200925,2.0522567232022855,2.29294105068011,2.2657827407702733,2.3108012358322143,2.309773934500255,2.3201499908832153,2.301847702333415,2.346816997792276,2.4066207590817292,2.228520628540103,1.995936159954061,2.2854800879751735
214,1.5994099357302334,1.6598429760245788,1.5784197675681781,1.6075683570433408,1.683366002585557,1.6624996699608028,1.6462871896915203,1.6747363486951112,1.6925609044492376,1.6883861223725471,1.61271847713209,1.6876425588480508,1.6515900040972538,1.6413711268428175,1.6874808677571353,1.695351604071258,1.6420106096306526,1.6496289790845151,1.6410342339383313,1.6921465992065539,1.62581145347826,1.6163745011040263,1.6621345822809328,1.663693135883964,1.6648004500207136,1.6711599599523517,1.6082359007833729,1.636800659771147,1.6049277104933841,1.594984442528384,1.6736476109313543,1.6734233995491792,1.6054227178472953,1.7360221429277232,1.6102085612612278,1.634461342283581,1.6727814545788213,1.6126887270730803,1.7380132663218335,1.5598794490572931,1.593211313457413,1.63312514389294,1.716543490685936,1.6444781972314253,1.621859212032664,1.6435679843357685,1.6850951871377653,1.586650290221093,1.6561821504246828,1.6472737242326438
215,2.077810255064585,1.9756660661604153,1.946661380767294,1.9403338203442573,1.9546743546437582,1.98150299206688,1.859480047648173,2.0579658069354605,1.8825111979899631,2.136507886442489,2.164468663855107,2.042998188640862,1.9286598304300657,1.9609940629567797,1.9618786521490126,1.953182616795381,1.90301854541398,1.8488961970559625,2.1094435883113665,1.8750166438252123,1.9560881482483445,1.970649427753015,1.8947074496486938,2.0684776857265357,1.8360655536178996,1.9234654593904033,2.0453083261207397,1.906323769055696,1.9180098156005831,1.914008460560293,2.6657421781515023,2.133104463142095,1.9546115379462599,2.180797039684741,2.082211078974993,2.4780488996191803,1.9041643681485776,1.9792879737056683,1.966901620460452,1.832812309515404,1.942012184559026,1.943440974407916,1.9542067201781776,2.2353523811913076,1.898015183236481,1.9260923907901564,1.9696649919391565,1.897671581241772,1.922296507199503,1.9054021304262854
216,1.9903531377373058,2.0175317159890884,1.837038140240157,2.0715091307977174,1.9909566254606101,1.9826161326671885,2.023917521936273,2.0721994339211185,2.034918840998534,2.0905004207690343,1.9601817457966086,1.9705194894798002,2.0132039353214575,2.029674309677077,2.0139543800333595,2.019001788073796,2.077607142727498,1.868272554073704,2.0014082967574076,1.970086485666358,2.016811165650651,1.9453357548457078,2.061859370824969,1.9716968549827705,2.1032840200613734,1.9728871305933566,1.9533901405150598,2.0184978614148683,1.937397973795969,2.0259783600654604,1.9949716959665516,1.968313974658173,1.9871874686473792,1.966386413359504,1.976531737260653,2.0775448033906105,1.9478498009685383,1.991127640092655,1.9671434813483146,1.9458234288895975,1.962905578670103,1.936956346327614,1.9952300443342104,1.9725204937806264,1.9665685483891444,1.902341618455016,1.9490906123889076,1.893983275365164,1.9854078897888878,1.9642491245870666
217,2.2594770476289527,2.065480159572683,2.035975082095362,1.9501619120016063,2.1066647338599793,2.1549864036461606,2.157254650217972,2.129390531758663,2.2615639950561217,1.9445477005611078,2.2664808929543057,2.2597366410388204,2.106841128494901,2.1216839294895604,2.1356766046890527,2.0033251554456406,2.6493057619895097,2.1561740501001854,2.3726422914613643,2.127994070643311,2.355665919201823,2.2002134952441867,2.117161680285119,2.0896679953850965,1.9815100953852633,2.0349333798298312,2.120370439348587,2.099720842303414,2.101855939421643,2.145519275292166,2.1848845772521557,2.155012249777756,2.027591068993134,2.2086015629537536,2.0398350521978568,1.9449866531550857,2.1369307527103256,2.060937961884889,1.9749260290571335,2.1488724710236315,2.094977595166723,2.115935917333268,2.1741305618894735,2.226474224193601,2.3337679272223397,2.1243378432153968,2.481612899644361,2.2911999515748196,1.9677162005292157,2.2196104089653836
218,2.100335153926393,2.0168153279057446,1.9724505406146093,1.9099771663737481,2.0368024308144896,2.0325495178381527,2.02908090970773,2.03258458563026,2.1990392721340646,1.885234618787158,2.2212371868707237,2.132164732676692,2.049971717153566,2.0468999425781966,2.059132640320666,1.9395953220631896,2.5808859157407102,2.0439902092619686,2.22727797855876,2.053019380032506,2.245493156426998,2.1580997882347477,2.08396328731881,2.0429780729998983,1.9183344381829803,1.937874130399099,1.9975667937944888,1.9982118519693106,2.044312420650792,2.059022077167471,2.0630961303910027,2.0510979496166692,1.938269663517799,2.1250317620862633,1.949926167895315,1.9028918326826663,2.025317029004087,2.011318005232747,1.947934517284823,2.070338810704765,1.9972867266067809,2.007750605198876,2.120820202973732,2.189039783151651,2.2776599443310186,2.010922606145739,2.370400868698349,2.124904733852926,1.9397675772185874,2.0846754601201702
219,2.1315448181712675,2.045667223105653,1.8279490385981028,1.8167423770906552,2.029974656136244,2.0245235541114535,2.0212465791029146,2.0061010191970956,2.195394622138022,1.8924524881368567,2.224436442279387,2.1115419946406764,2.0526142881723786,2.0544648099290765,2.00381092808113,1.8687054169376585,2.5194276985031427,2.019077682628943,2.2439655426022327,1.9141065425674197,2.2677247835243146,2.1262625252665464,2.043359896377687,2.024687814182646,1.9198972722045804,1.84167724578857,1.9851766592369495,1.9773015170976134,2.060930234292657,2.0505863661358887,2.069722078757925,2.003414447781193,1.8612152191172058,2.130330669625071,1.9111400463382875,1.8743614239605506,1.9935579109168613,1.915982029125887,1.8796560345056346,2.0235562084592846,1.991079238885531,1.9931501274830725,2.096880734353512,2.198332513838463,2.2665306347764975,1.9932171098655962,2.374176831535208,2.085875410152834,1.8789639508381821,2.082545471989871
220,2.119241597251545,2.012890472585796,2.002206338072691,1.911688795705171,2.0072358539946786,2.008727064288412,2.0182376160286744,1.9867657121949938,2.1600680879693193,1.8320768601899262,2.1834103793744486,2.108633238179708,2.0128539983149754,2.0112588458186447,2.024816648019349,1.9748722943705341,2.54221838517501,2.0075152283351114,2.2531869597082785,2.0575421899558437,2.250684871848005,2.119661784385249,2.0388938529046303,1.991007679373145,1.833376983438824,1.9931987939492457,1.9669087121360151,1.998381267298118,2.022284764109207,2.0426005371893226,2.075737888184645,2.0108853614456867,1.9536438967000738,2.121890053623697,1.8757595996807552,1.9278858051427346,2.000347852729102,2.0314573474551256,1.962634237078115,2.0169664919796677,1.9800687049661505,2.007274467915826,2.0558982197775837,2.180038663876507,2.2341950780800115,2.004042907672636,2.376127815705411,2.1135462627414583,1.9558478023000934,2.0875842789139227
221,2.1618657886315464,2.0352704710600333,2.1141864597385442,1.9638630289207466,2.1241012104565233,2.1346961527694437,2.010323370601496,2.1214331645780544,2.1318350369862205,2.1334831687183025,2.1253165257486017,2.1589053409594516,2.0914856226217804,2.080051917233421,2.0832458394750137,2.07854937916997,2.207820786978149,2.1440661892630075,2.214339975157003,2.016348787544789,2.148845502239416,2.168402550363725,2.075562168484724,2.1715241889901566,2.0549866171971694,2.1111556042858766,2.1205539875514514,2.077519173577958,2.162851481497583,2.0822708508143766,2.168140107137104,2.125058515117667,2.111277089143549,2.1829785184170065,2.102808592112824,2.141577301919611,2.0995548131853363,2.1277250489775508,2.094491725016037,2.099442302481318,2.0453587128981177,2.0803554703331324,2.1605134797690972,2.156641296037102,2.1461726048334917,2.123227924174641,2.195521957852508,2.100938768553501,2.075578704563945,2.094022033555973
222,2.3415768995759247,2.1683435874011536,1.9431877479767756,1.818645898138179,2.20450624459111,2.218776641404439,2.1485464348743317,2.1534952484318253,2.194416574443442,2.2466670940741444,2.1764935556826135,2.2416955506356864,2.157930761447261,2.1565870371016915,2.0999017891917506,1.9581604400220787,2.1819553146301454,2.2184888190450778,2.3328876151500317,1.7943297935943443,2.197051728216657,2.2164517478764623,2.1047647761898514,2.238112762827507,2.1464880826072603,1.943705521285548,2.2111426020746903,2.1383168457717385,2.243366995981952,2.147046602864414,2.2980159865319827,2.14687265473162,1.9717891177392097,2.2650081190222022,2.1415492558566918,2.066664850694523,2.170675484533134,2.0308617686018042,1.9971967289016836,2.1546784642281605,2.12090331129062,2.1583517843333455,2.202535431832855,2.22565490869513,2.194441921671247,2.216650438849334,2.2847429622349678,2.1255198334052547,1.9557887266706402,2.173459727981072
223,1.8667586194784942,1.7729913030706719,1.8748974485053367,1.8730988402161328,1.7846433662294698,1.865783888824077,1.7923951949715207,1.826838902805831,1.7760760008191472,1.8920123213578552,1.9318295271000323,1.8158137043607727,1.8950029513315432,1.8261100444784493,1.8753590095916381,1.8101756496347297,1.873109210609634,1.7762731942544527,1.8325299685279859,1.8854280057389374,1.7902155166323066,1.8922950813006487,1.857587696920012,1.822427991286947,1.793075475623862,1.8722131310857684,1.9214191718242466,1.8601247579756368,1.8215666946317386,1.8819996220269362,1.8571710095601492,1.8161820905896384,1.8348219944756057,1.815461539227126,1.7658157701485422,1.8942646401566385,1.856021569062805,1.8314771964663388,1.7545281783257831,1.7716732559308221,1.8423152854275493,1.7453967453078878,1.8933454699828474,1.7696938838017164,1.9665621834144096,1.818338166172861,1.7500215654383764,1.8461195720825527,1.8753245631772644,1.8394102124593807
224,2.0768928735193963,1.9583702067587474,1.9810619345198734,1.827950221253003,2.0148923986399643,2.023556011277011,1.921139905696144,1.9391703536842368,2.026891803570793,2.005294998967991,1.988425161490854,2.0269412393241613,1.9444216334273356,1.947813872842259,1.9241323353878443,1.970311956891238,2.049208181842378,2.025706635676454,2.1359402361706614,1.8591487621031995,2.0346328605400217,2.042991066359331,1.9367617431374948,2.0316797536550633,1.8867759557980897,2.003314172903316,1.9876684487146496,1.9613800842573745,2.0358613145597486,1.9474613470661062,2.0825392615589546,1.9459879641465267,1.9591725734561862,2.079116435735068,1.914549396045734,2.0272841662856376,1.9928755576615222,2.043172907962047,2.008333905042723,1.965501471233722,1.9411966806860619,1.9659468719643267,1.9875071252670047,2.0734468531929062,2.0164578086502036,2.0103567631563166,2.097263235553669,1.9336793576504636,1.9342820387384752,1.9732455629172811
225,1.3808415218825214,1.462335608529941,1.5321868783428823,1.379199947959668,1.405459981243478,1.337787148386012,1.425092957476826,1.3760570237544725,1.3595640576767014,1.4073994174707865,1.4653731821434874,1.3616080260066479,1.3740025572270422,1.3815729914700086,1.556110913960774,1.4406994952799224,1.3932348906037983,1.6094371368552531,1.4208508791182854,1.4162975949673173,1.411428384932627,1.4129851172048777,1.420227893025583,1.4114897384482594,1.5160405556544632,1.3899094410136197,1.3981977781457395,1.4123857053739854,1.4420936312811374,1.4230860069978313,1.5023044755915764,1.380471103128495,1.507500309254894,1.4275144398737691,1.4598608620531213,1.3555657291505252,1.4124106719114913,1.3700824218140646,1.345794852670375,1.4143117919966608,1.412950381555227,1.416765704080678,1.4902218076561002,1.4232949084079338,1.3961387973420418,1.423281900956388,1.3797281109858606,1.4146340932881856,1.4475355701180077,1.3929632837454378
226,1.6643801669120954,1.7447077607847028,1.6526390917915776,1.7137883754294556,1.6772178240251465,1.6589887624188586,1.741645217331122,1.6653708579703537,1.6647758898480243,1.7357103971042394,1.8015928550586526,1.8290209641029964,1.7498084395475288,1.6029469921575807,1.7309962522341191,1.6507171985345508,1.5891453614095354,1.6194492122642643,1.6141493060533492,1.6105870745166193,1.7837323058421433,1.4853172359671891,1.6633146562302032,1.6894866988893948,1.590668065846879,1.6556913391646075,1.4640235144229674,1.8077345920297248,1.8476923487270867,1.6633524982805215,1.7218567636752322,1.6302639763978668,1.7360820229309049,1.681601340267548,1.7260917274058674,1.7650631243572654,1.6677817300927194,1.8326922292152075,1.5546446014713355,1.5888754981184476,1.4465038453031749,1.5983067217916744,1.6928906377173245,1.6849818954026494,1.7032085254624654,1.6274787484204865,1.7230397689963137,1.5831528057714537,2.0145504593088885,1.7544830886281915
227,0.7721896890792017,0.7624326395490097,0.7056708699130407,0.8634478677565447,0.8687902436690806,0.6894506374605136,0.7554649577502719,1.2502514917215626,0.8187135977676645,0.8593909660349182,1.2073323156818239,0.8959307664916771,0.8087370008928354,1.227759200210775,0.8062656087624704,0.6652294671403793,0.7237618008509532,0.7379561587028487,0.8557991431129466,0.764402419930204,0.8259063526606436,0.8510134905597537,0.7773840430517822,0.7469718909262362,0.7271047506570625,0.7768033638729932,0.7874948576436189,1.4832085648831406,0.7648238463088521,0.7372473274124278,0.7580551448574226,0.6967825483462455,0.6886930024622337,0.8966795547414623,0.783820576187523,0.9850112325952125,0.7641195564832808,0.7650152671307007,0.840340427230208,0.8140398329908951,0.7469755559892945,1.1556845881938855,0.7873254533787417,0.8069886225570624,0.7270030725281122,0.7507412619429115,0.7572819255528689,0.8272027310967545,0.8193431663452024,0.8667814261658169
228,1.15817924417515,1.1859376648978301,1.6454840865139904,1.162744816530422,1.6694105609632084,1.202615230524466,1.1779138821099995,1.1607158233232369,1.066825536229746,1.2329504604212893,1.1439227626484527,1.0727295373715826,1.8539606177150003,1.5954003850131135,1.1813999038969447,1.153780316041194,1.296874870027028,1.1849465112138198,1.1619128321090564,1.1310308940292053,1.149876144365713,1.165639911642029,1.1907204040611346,1.2227345154608464,1.4843884119678332,1.1731815617014405,1.1350252645111465,1.2013783510881701,1.5329807917284324,1.1686314537446316,1.8797024406306209,1.1926407705997981,1.1407881203041246,1.1001748193996255,1.1423352063033665,1.1438214763518388,1.705908113785589,1.0832730894332663,1.18510514446411,1.1146741628094228,1.2039265718177212,1.171664740479038,1.186301869088613,1.214718374908478,1.9111879844328281,1.7167426287393917,1.9609046831498471,1.1650207297301316,1.080703072768598,1.1663552647126423
229,0.7460667893469273,0.7464354235589088,0.7686857425931599,1.040274665608509,0.9392352481153963,0.759995812175287,0.6775867433881526,0.9445073753393518,0.7568410380596862,0.9492981021276607,0.8864288634222381,0.9616026935977864,1.0394661024148126,0.9243499140262852,0.7901938021350894,0.7693037455705724,0.7037005472277471,0.7506539617097108,0.7741173030678574,0.8066814191875773,0.9028381769945621,0.7633014052002443,0.7065330193679098,0.7466415526137489,0.8001343639381169,0.8245727984538309,0.7138420742409552,0.9978322537621249,0.9127186675868995,0.7323249112471668,0.7376169269260817,0.6569469698518624,0.7602521066828842,0.9449425555506945,0.7627782897526671,1.2768197164611497,0.7463457421558655,0.8170746941839386,0.9200202630189738,0.767930462591476,0.7347382772850501,0.8798857447143371,0.9267883512889661,0.8427661394489618,0.6972978490093609,0.7493947721573111,0.7287209151797516,0.807332491985127,0.8196809666840945,0.9455796517088082
230,1.3850700562379092,1.4643033849308509,1.4064791977045221,1.4875239389104093,1.5409413272215344,1.463127774498708,1.4985862323555512,1.3361250694879145,1.4951210435011717,1.5006994348863305,1.5281742011246244,1.4876670968503252,1.5498925863108397,1.4346780069553127,1.4360903750827934,1.2917254015529522,1.459166736766539,1.3720627125858695,1.4542990876031645,1.396279020306305,1.5390760232310718,1.4700573406309214,1.3532250327975217,1.4709138934569097,1.4739980119152811,1.4449459298297933,1.434743763313878,1.4304999617417877,1.3554750431901512,1.3904479188726406,1.3152674320088718,1.406209767019746,1.3038535312933544,1.452041549970959,1.4475483155990734,1.5040465978009827,1.4994329565212112,1.2777787937828977,1.428622290876385,1.46600211151552,1.4692608421346307,1.3619611071794164,1.4143677411260036,1.3726004803051897,1.3851150197523787,1.4836834998314137,1.4916188512105366,1.486676050537877,1.4576010151367242,1.4948179608871897
231,1.371986520850629,1.4528950779301741,1.3949836194054672,1.479452112596496,1.5315656155192219,1.450469434167304,1.485913081337344,1.3277207388516334,1.481009736946974,1.4875602406759674,1.514814693309484,1.4767971149124506,1.5413460226715183,1.42635840258259,1.4309949256831622,1.287611689619016,1.4460231912614425,1.3634350243952276,1.4409810003719166,1.3878193206427527,1.5288602403038443,1.4544955837559614,1.3418899497048238,1.4564990912903113,1.46310134734407,1.4336561804138732,1.4193840502020993,1.4243244350345776,1.3460329009677503,1.378093525680646,1.3036412007404437,1.395857830647369,1.2974591211217756,1.4446767410458516,1.4355643783695538,1.499386665866293,1.490034209267554,1.2648471882420544,1.4215870037432783,1.4556046649919248,1.4549517359512123,1.355285965678883,1.4064055125295667,1.3643499633469691,1.3707260741469,1.467988298549503,1.4787582307453286,1.4744074752214011,1.4477860647946095,1.484105357088108
232,1.8425567630711082,1.922983613448773,1.7698769898139055,1.8445019101574056,1.9112395056931177,1.8048647547721934,2.0491347614427573,1.8208127783771082,1.850818307768478,1.8064318830809767,1.7738825553559465,1.8887025526945713,1.8719386983262485,1.8783500274556282,1.850019380204253,1.7809933070952844,2.012818155533739,1.97176137273334,1.8556052551315965,1.9707638758484203,1.8375996165192117,1.9029956616579105,1.8505248777859147,1.9174158006473334,1.8867543060034428,1.8225294035618527,1.85185388197469,1.9545279292377238,1.8722268740334571,1.8405137554691748,1.7792260671946067,1.9343000642794053,1.853761861418901,1.824966197611677,1.89709927650311,1.8708758412647128,1.8602337806868645,1.8820174172015385,1.7797540591743042,1.9450298659226153,2.035733480768368,1.985847407279218,1.887165619888572,1.8437720180940227,1.861399607001644,1.8420407778666505,1.8626619577829113,1.8459197624981734,1.8604748218559806,1.9494205363560138
233,1.7366513883751122,1.8108031914138873,1.697915391036636,1.74013349629036,1.7887925727608573,1.7009033820468966,1.8996942492010325,1.6939955066788621,1.7563017933016893,1.7184652918417416,1.6502437082870962,1.782065164989433,1.7555583540549389,1.7603397965935548,1.7425708417923045,1.7179983899904085,1.860475848326077,1.8393070819469244,1.7448727386830818,1.838370199763001,1.7580720199378064,1.7655362849375473,1.7368674150187733,1.7959378567640343,1.7710376882065315,1.7075861659954887,1.7294571102187275,1.7810146544775627,1.7625050288181088,1.7197680903205144,1.7020590778684621,1.774164454078484,1.7894129355835133,1.7310214802864863,1.7706421270334154,1.7928326832458819,1.7573267103589245,1.76656965712547,1.7090832574874728,1.8187508567482809,1.8805361533973084,1.8399478577014658,1.7526493688539642,1.7467142760016516,1.7492255950043405,1.7279528147905925,1.73973215069236,1.7000854032030892,1.7793587127075607,1.8051382719575049
234,1.548526202987233,1.6252490202525451,1.6106322145581036,1.5442099523613964,1.7055598197694324,1.444294505260892,1.5549720043692865,1.647416839377362,1.508656057017955,1.7050001511709754,1.6489651476178593,1.6640043002957121,1.690557914064554,1.5835249673848262,1.5597713771399775,1.5762733623266283,1.6050699203381793,1.598177936680906,1.546839135888014,1.6467932310526834,1.5654048294946286,1.6411118021188154,1.6260731156129378,1.5963392672670835,1.562646865283929,1.682078774980038,1.5134294615267057,1.6324789169217802,1.5644708306482364,1.6075599626676018,1.5926533970114534,1.5308946879878853,1.621436961177917,1.6561128793815652,1.560040637356189,1.604401133628933,1.5163667439575477,1.6313598885563403,1.5111638380941113,1.6108408037911852,1.6079151266088516,1.5539320385480142,1.4698529732150512,1.5762352466341216,1.620397052301664,1.5513887929519834,1.6098539561648835,1.508069100671495,1.6825329790225223,1.6670900041365826
235,1.5505863449813742,1.6719129290241401,1.6736112740830542,1.650803598804762,1.6409294293514822,1.5664865278657154,1.6353128093399993,1.6363627283473354,1.496364403133164,1.63766871800179,1.6769494507741083,1.622428417888718,1.6708344466577305,1.6880318945354524,1.6658079826625602,1.5586453953813688,1.668918999177766,1.6460148694566605,1.6063184091156026,1.5965120675438156,1.6522312849916663,1.6895797645443995,1.6318074244131955,1.6244725196230974,1.6649769814496747,1.6417487726664532,1.68981527926851,1.6756545545941304,1.5866296535236017,1.672995333429057,1.6533429909442994,1.6698626797700733,1.6368883625503088,1.6960948012350334,1.5674150869071664,1.6279114627976607,1.6344291878891797,1.594633408233907,1.6224264718684038,1.598782037306007,1.6402702393627457,1.6950694431272382,1.6654505809431885,1.5658969468467703,1.622721827252171,1.6490169585504404,1.550505379772133,1.6037445668167463,1.6517065072511576,1.6616993970396763
236,1.6399088165845233,1.6772181043554326,1.7008984540300052,1.6614612980010461,1.6653744054172082,1.5929996436122877,1.6901359829635743,1.5868370573764858,1.678358364340406,1.6444992340453863,1.4919561374792494,1.688029146659451,1.6511073564239194,1.6537063059613777,1.651599360716717,1.6819001270763025,1.7202806863042879,1.7394346180809022,1.649136189910763,1.7839117373620947,1.6821325635299011,1.6844284504531353,1.6364175233227134,1.6785488968022264,1.6630511920829676,1.6761773667137803,1.6115432155125493,1.583183482102143,1.6564489255813415,1.6164511045370074,1.637608357269725,1.6721516336512714,1.7857524745799935,1.6692456853628315,1.6693736167567765,1.7810431013953867,1.6485024052185273,1.7206664268469396,1.70376752953144,1.7217392618410106,1.7023458923507135,1.686806378614837,1.6140295923243588,1.676149335574621,1.6308153906942024,1.6316879057345184,1.6150354507661344,1.5592075289953033,1.7176311217029419,1.6650219566472337
237,1.6027773235680014,1.6626031622117732,1.675300965384709,1.562941229249006,1.7295709902971703,1.4820058209842504,1.604494874844514,1.6782132886179517,1.5397593236010998,1.74249579230972,1.6717460096397927,1.7016181914632504,1.7063427185172273,1.6182798377798493,1.5859259210969863,1.6031540178746115,1.6446450167270168,1.6455768412844165,1.6041900845418624,1.6856739766498672,1.6083995109945448,1.6804719044040888,1.6747713094737726,1.623761023077794,1.60307614523812,1.711814393828913,1.556666068951583,1.6477191598229304,1.597114663218524,1.6393899271993986,1.6345643469900608,1.5774415341709158,1.67539712891835,1.696580583277231,1.620127644945681,1.6192048789036129,1.5665972546441562,1.6453278221639458,1.5276765803777752,1.6710135923088547,1.6523550565148284,1.5878215464165653,1.4896920787620722,1.61003882364618,1.622259767522647,1.5922870512552847,1.6680154774695932,1.5631993065591345,1.6934937269118604,1.7064597438709583
238,1.754047152948285,1.7468785846430244,1.7803232424385111,1.7524988208856156,1.7963252446774884,1.759805982478004,1.7794027511279022,1.9561530659615343,1.6451854106081836,1.7873150072245103,1.8953446737475659,1.0192304486196502,1.8955227593903743,1.7802972741911862,1.7296000148006199,1.740436609501577,1.7934506175955125,1.7458950429184141,1.8783654616781469,1.7835196041751438,1.9827582895067746,1.7810383533956564,1.8008800429132155,1.8990247833772145,1.7602870879048709,1.8136061601424514,1.6034320083620504,1.8510776438580585,1.9148200376822304,1.8429310755199666,1.816330564322806,1.7883201632900274,2.161185182514947,1.7052479231995399,1.7445506285054764,1.6010019732485965,1.7788092730450944,1.6169282999541972,1.755531786284263,1.6254788899879564,1.7276686537952592,1.7582837305435906,1.7249409736112398,1.9174874051798105,1.8151941097476363,1.1367696124499247,1.7384861832333076,1.7317166882911321,1.7157447133217305,1.7128147749493223
239,1.278067487113871,1.4454243342419817,1.5204558162403732,1.372626552427116,1.5660833038703896,1.349247532764542,1.2933041754920023,1.46605489215422,1.3735403339525494,1.420733907880944,1.446827424448324,1.3477717821868858,1.531592378537761,1.4649392671855264,1.4264222657322838,1.32738556625621,1.4362024932098745,1.3896589570966338,1.3910270027536384,1.4373686229776315,1.2567412708050085,1.4722548516627723,1.334809237526681,1.4744581679419788,1.4753500059433158,1.4880009138937647,1.318973344256393,1.3810418634440929,1.3552867107993718,1.3616621658094248,1.3693853823060174,1.4220013227324415,1.4979147951281782,1.4154019059586762,1.416593133712615,1.4359705709395492,1.406842821601915,1.413395704208523,1.4228696736517934,1.4603661516064035,1.4718911036348423,1.3601134005629003,1.327810644911052,1.3383075149361225,1.4215342428082343,1.4603016464892629,1.504356325827434,1.4422256590356897,1.422860632374018,1.4785882114475069
240,1.3622294257982266,1.4135497167417483,1.4695751642733335,1.384202034810409,1.4449666134283157,1.3930166490066673,1.4996937925058207,1.3091070355994892,1.4922994528883458,1.4676947773829072,1.2569031016755545,1.4524420385302843,1.3089500060882688,1.4403331470277,1.3928137878345512,1.4344152963979222,1.4328913109488077,1.524602159401815,1.4678098759044467,1.5114061235557674,1.4591968069073644,1.4456548276798733,1.3270693840011263,1.4483352527080484,1.4403435125472868,1.378098049470485,1.443706901557528,1.3655968789082316,1.320041707257614,1.3450834075706668,1.4372386288965533,1.450719813945252,1.5342354074643687,1.4285797661577408,1.465304380105577,1.495958557728983,1.4351195660876188,1.438154567940412,1.4733164080645924,1.5049607920364085,1.4929246470135205,1.4388691563877214,1.3584643618752796,1.4777532882897724,1.4593229133561918,1.3680200544230794,1.3501768940515397,1.334813336649301,1.4180741733458522,1.4546883313849772
241,2.343585025007787,2.1819068547580502,2.225866756016945,2.2309598059129065,2.1736499521338732,2.1392825138767044,2.1161192840021013,2.2575975714654177,2.2516573325912503,2.163484737270859,2.252221198677141,2.225634036975035,2.228352467896112,2.269345927487393,2.2441883106741507,2.2444877453200505,2.234025870400684,2.1249023804407696,2.125392597707364,2.1504672799886926,2.2739066221784814,2.1994548247626966,2.1786466628106904,2.1916770152649527,2.3008977475207093,2.2041764466554596,2.278248997842736,2.162014514353075,2.2722694882852945,2.093278909767207,2.282935342399159,2.2200054526942115,2.315374466160355,2.19726014694227,2.161815042129035,2.1353150464407094,2.138117596749443,2.251480900047639,2.1887008404157484,2.128000691759386,2.2753151891563945,2.1897613992881304,2.188224597604398,2.2531660008327172,2.1222809111837044,2.232524111285702,2.1597097320492598,2.2713287656183407,2.2177186269745066,2.3543497266971656
242,2.053717763328426,2.0841633010686262,1.9487119731782414,2.038209418344053,2.0687702581936698,2.0646403701963365,2.0738104956970433,2.0438000721230396,2.2254292645958493,2.1283748199484895,2.446609139270783,2.0367816736512676,2.117161423620267,2.0195001564100714,2.0297285216845182,2.0240840181272324,2.09193076786768,1.9929354251132811,2.0732061722222497,2.082973072644865,2.012670187233443,2.1033765200552654,2.1139512908671847,2.413570163541234,2.0257861749352735,2.0774242271267607,2.0783457208612313,1.9518747060038137,2.5262984770055406,1.87428759218073,1.9070748723983622,1.9091410082015408,2.4336237613426377,2.529469129953249,2.0523974641642906,2.1056239428442023,2.0380685597483135,2.063188284343955,2.018734620847038,2.053550356313589,2.0320704417228086,2.037188004798878,2.0161525468856194,2.4858850416184906,2.0136969952957195,2.0039864362541664,2.0961655595643185,2.019675232987629,2.618658125705303,2.049489968405622
243,1.8406308219385268,1.9109707360966488,2.0040158411854385,1.865292746070124,1.896939091678579,1.8269674130864413,1.8254028027332794,1.9834886059783456,1.7633934144045247,1.799612019463388,1.830948777368656,1.879032066932404,1.8456397767871326,1.9064008396403382,1.8940323787420716,1.7952388815225193,1.7332507006765585,1.816494448847127,1.815028626669827,1.8432165867285093,1.871865848481482,1.7319338876273704,1.794973857783421,1.8938359959484963,1.9739866675928788,1.8759047892598648,1.7737098992253673,1.8982861472881432,1.9351835148297756,1.8008938089871096,1.776633171503792,1.9511291829705666,1.82558858992887,1.8366526353465513,1.913389294060016,2.022862732112195,1.8422141670208751,1.8742083668268528,1.780171917605034,1.892487347438716,1.8544870543120169,1.8066012603077102,1.88047816891061,1.9216715371071365,1.784972265885226,1.9764902057292217,1.8695639897927636,1.938588436952926,1.8841954707855422,1.8110845251160441
244,1.5644174814971121,1.7175616423457214,1.5440789217632105,1.594586983620296,1.643341764299464,1.5877945387803614,1.7521483786600633,1.5833008264680282,1.6550022298275193,1.6492574277748764,1.6200387346266911,1.5897545480845494,1.618457942251755,1.6620043094028603,1.6790975400311776,1.6893866495910066,1.7005242784590884,1.634740011397577,1.6831469671044204,1.5343826598657158,1.6683257090194488,1.74086657622576,1.5920440407203742,1.70601850538214,1.7393143362731092,1.5110079074521705,1.629367003006608,1.6015129991437451,1.5651838262396573,1.5102616208899182,1.5836607838786065,1.588188134633704,1.6122214263244707,1.6216452453803187,1.658047766267008,1.6573703255356609,1.630359808577305,1.5797361800118903,1.6176061364075052,1.6117132783183585,1.7410506588376506,1.767785815478227,1.6149560572890902,1.5545156025344138,1.6096787336947544,1.5498383953074204,1.5703798618484086,1.5507273473980376,1.6278204075911855,1.6601962396448524
245,1.6817545659946642,1.6407697240127312,1.6876612256448151,1.6633057066407702,1.6485930998472726,1.6315403611166377,1.591172370014375,1.6317129425547723,1.5827983051588728,1.6225214812830289,1.701304369217464,1.6428154349542812,1.6874063661077887,1.6260888896864678,1.623402890496851,1.691997135394185,1.629294656409644,1.6388810090742574,1.6493344584604896,1.54303287501667,1.6684262795460008,1.6549977354969396,1.5898993541969082,1.6268164874920483,1.6864426049998507,1.574160154646366,1.6538085804614067,1.5619939830857525,1.6931623084249878,1.5735839503514963,1.5738337278052184,1.7164699043239864,1.6718425103029455,1.6108065568466021,1.6002000659033442,1.699758656687166,1.5820774886498015,1.694709987866574,1.651681346191778,1.583118863500241,1.6136386034425385,1.6799006341765974,1.6665588566926992,1.7322371585849567,1.6093757476508301,1.671755888405936,1.6403977061656398,1.6717130006429013,1.650055899709975,1.6794277102699269
246,1.5120393213651822,1.5572976838255852,1.5503180867179474,1.550426443249938,1.5878818364315492,1.5193754033862574,1.5052631855074061,1.5393265344928118,1.51342818676304,1.5980384572636939,1.5938078828967353,1.5402563911680431,1.5903021039264154,1.55180721626183,1.6343276484656126,1.4337804755530499,1.5590458091418253,1.5692211759066632,1.5399918546666829,1.4984066440579094,1.5659470655112564,1.590271245380272,1.580050907329412,1.5298444287950135,1.5698930570364276,1.5534311735110755,1.5585168920024548,1.5840851346294773,1.5620482345078308,1.5281772575596175,1.5647186122204744,1.557073959803553,1.5227200560860261,1.612593036434796,1.4792977861025953,1.495302393561495,1.5561303776359625,1.5523853154214624,1.5183869404628938,1.5742967528480936,1.575364325183216,1.60809174442684,1.5645516714279406,1.5225709894035466,1.5639206223753916,1.522720089837362,1.4791630846583637,1.5617562450217741,1.5562331665493037,1.605454129353518
247,1.4672879719836134,1.4482014435195456,1.3837538579353073,1.3676998586803482,1.4697110291389475,1.4441724367698954,1.4365065039691007,1.3580804304026408,1.4837548516165704,1.465915692119637,1.4959936759461403,1.4278032403557281,1.4469781777451987,1.3947944065395088,1.4086067964351603,1.366328908986377,1.4278628146211219,1.3821497851580151,1.442144723848072,1.2651384498941498,1.4521306676770642,1.4523347663003419,1.410002789014091,1.417359295524344,1.427097548556782,1.338478260204523,1.4300462797984528,1.3649229356116095,1.4677436254033385,1.3507586079721854,1.4318731442718313,1.4540448669497001,1.3727749025583122,1.4435453077020464,1.380245806824215,1.386618990943937,1.4144853041703929,1.534610215128561,1.401822321681677,1.3994536725082511,1.4436989391394057,1.4539129987057997,1.419045617023306,1.550924780368323,1.42618404268757,1.4935205792521256,1.4603134238433313,1.4290727224530482,1.3991286605818498,1.4996714906425197
248,1.561489921458584,1.5207859604114775,1.5319471693004516,1.5197053921030435,1.546363229756893,1.5238419316214018,1.503398144171178,1.4826329833570657,1.514825796624443,1.5218256640187748,1.5740796472668546,1.5324056600064808,1.542401957578055,1.4992292844585595,1.5006426458375728,1.5295476161070247,1.5115457113844961,1.51514911140662,1.531751514618846,1.3929173517553153,1.5382899576719282,1.535069882467635,1.4733494159611809,1.5114452155883153,1.5482815815385997,1.4420013025333365,1.5398065816168787,1.4480361553360375,1.5595258916201917,1.4463690302897518,1.483220308481501,1.5793825535886397,1.513799682675394,1.5021036829670011,1.476309206229347,1.543999772586993,1.4929318629504484,1.6073510363859338,1.5187040923334858,1.4797005985771294,1.514708368541534,1.552406543097689,1.5342039119350925,1.6324999498504766,1.4884690972014187,1.5732550914904988,1.5253874573920143,1.5447419494509922,1.501462933510969,1.570440515765089
249,1.4406586640380832,1.4786257088423227,1.6021029553964024,1.4708817355419797,1.533751802738081,1.4782698560156904,1.5046718644393628,1.4183679317178717,1.502955080041947,1.459493045825246,1.3931174276272777,1.5194343903996277,1.56571335315153,1.4896905375845222,1.4799766360514421,1.4950492037184078,1.5144975114482424,1.4881662346501647,1.5015003263887934,1.5141477797886322,1.548778784321808,1.5211603910685003,1.3875430527461798,1.4924346916736724,1.4525673732835056,1.433081020367822,1.4535947946321195,1.377913503506118,1.5293826709988378,1.351288927695288,1.3975578026399447,1.425034522330023,1.5552999200053712,1.5313963315183239,1.3925412077994501,1.605029882583274,1.4937919291737627,1.64713978618272,1.5572272588944838,1.5241368297082332,1.566141898833397,1.5082919730487365,1.4659127848603966,1.5439243783789607,1.4461621406174725,1.4269074635477788,1.4253575033111776,1.39058839699974,1.5222182102457573,1.413663379375068
250,1.2111257756196379,1.3795191139442977,1.4449688447526157,1.3164840091387813,1.4772713693152841,1.33850914518605,1.3353235266183532,1.4262716063065728,1.3399403128067524,1.3660128641376996,1.3528495757649406,1.287978713431885,1.244623173431597,1.3657582742969172,1.2258918959321363,1.0756536131893943,1.4012054733023316,1.1761808482364904,1.4880388739106927,1.3607832020711381,1.3661139349390972,1.3807448241075377,1.2090743391090175,1.1895936354632752,1.3200351360073341,1.3069809356940705,1.395356807082619,1.3504613639435803,1.3855418585576613,1.3863621132563728,1.310427738346121,1.3760492185922288,1.2283805489542807,1.3657010305538417,1.072799401433337,1.4036814681411744,1.4228419730688788,1.4665772705951916,1.4518928541546794,1.2835899014412995,1.4571782803279802,1.364153460504113,1.2037182897991485,1.4224610051632212,1.3846025400218878,1.385384209963508,1.2096603498116285,1.359058510402102,1.3103401835725954,1.4027836207073463
251,1.5489976847162623,1.578471456359864,1.4642661159613954,1.502627305317433,1.5782695619756222,1.4862940053819056,1.4587280021719096,1.557131172122336,1.5004044012006865,1.567563707600729,1.5727305237205744,1.561973449083708,1.5917800180919652,1.5691712207799426,1.5851586277765097,1.3501876420303094,1.5107083322311539,1.59435578830192,1.5394516772900735,1.475471713632258,1.5427482115895685,1.521474833956157,1.494397602834777,1.4658532805608218,1.594257370486913,1.5398541018996355,1.5782561674339117,1.5512691636386293,1.5294803811450541,1.5485813346241422,1.5110791726942434,1.5902924894053951,1.486920832939445,1.5526925313318056,1.469467694105651,1.4826525921683578,1.4905680504002659,1.523518657965461,1.5227266535878057,1.578496104050874,1.5905677840662449,1.6355828259440663,1.557297342033019,1.4506799016544623,1.596260658281322,1.5011911494380699,1.4649116261879316,1.5597287194797742,1.4884816425109992,1.6181055648517955
252,1.1519786937999612,1.1329690486084423,1.1813389472179594,1.137755367508535,1.1762665961807883,1.0763818523512807,1.1054813899399623,1.1594898175739292,1.151632417965823,1.1341469218691613,1.164253195705161,1.1149163507348918,1.0811412158180271,1.1035756943076382,1.2583255665168753,1.1134971504678095,1.1182661034906918,1.3027430096400652,1.1342961599942436,1.1408679795264467,1.1588769893736561,1.0628523031035364,1.1274817644713133,1.1072736957598295,1.2327428657550037,1.1694078593775714,1.108002598101626,1.1326285383889463,1.2034562646496525,1.099951256470158,1.2302001471562507,1.0909851807870306,1.2557471523675598,1.1417180239769344,1.1690958173337034,1.1220655803877584,1.1167070297403674,1.1430760794008012,1.1249943498449673,1.1904722875823195,1.1456233126746511,1.1595894166561251,1.1925370449290114,1.1442915599719559,1.1098583013177414,1.1678537359033676,1.1554906846512019,1.1901047385030814,1.2310478671765297,1.164519017051287
253,1.41537212906898,1.3823964651705025,1.4262930196478436,1.4025323913198822,1.4466657234691116,1.4417227299984186,1.424284269692639,1.342025976478638,1.4767928427898163,1.453739945483322,1.4557097144185516,1.4144726089911193,1.4381558652790583,1.3848923830604143,1.4416734858991482,1.4052819972414103,1.4240211273328454,1.3804180325590645,1.4093966156781583,1.3012916910159635,1.4182048882027747,1.4337181987807046,1.4172662117955923,1.420688713700704,1.4220974404350493,1.335317417692746,1.3895367370204257,1.3576387858148102,1.4495933360811897,1.327209652416073,1.4043280977152666,1.4501198645377045,1.3943994711953103,1.4361208816943614,1.3844430081906847,1.3753930400711587,1.415302566997311,1.5225469118344162,1.39741088031418,1.3870878255046506,1.4128638828640199,1.4364432211855664,1.4006162693324171,1.5118891200617477,1.4175972133752737,1.4609427693295283,1.384196227127739,1.4204288160071785,1.4116677361936274,1.4686598495772643
254,1.625048161857837,1.6020441576273043,1.6642274433059931,1.557884391919047,1.763568564925925,1.5225476087532055,1.5527300136421065,1.7408568554762067,1.5359179756243986,1.81011093960913,1.705829813942155,1.7858872432255914,1.7624195191851904,1.6221646260033005,1.628754056348626,1.5612601740430816,1.6432153757112538,1.558679738796024,1.6238731893294762,1.6448004298453567,1.6540599128526683,1.634858520285627,1.633024282726085,1.5559254825314248,1.633225027439634,1.7492193426241602,1.5018661792960861,1.6624369695409555,1.6740005728412406,1.598597586377367,1.6469570047046371,1.634339741003064,1.6659117135432329,1.6294581014304823,1.6326624315981064,1.647131097086767,1.6301438643029273,1.637266811758411,1.531656201716845,1.6200458224176755,1.6770623896818115,1.6100129661036533,1.5118908127180717,1.5899967303815377,1.631637291497901,1.5744062962584398,1.6641706498406172,1.5874200517441555,1.6887553789451322,1.703282661491702
255,0.9797391907183304,0.8136148036211708,0.8102149390540951,0.7772644317241646,0.7627492794106017,0.6799790106432866,0.7466994379740122,0.7406508262409766,1.0019964270219806,0.7179284563423405,0.44485969658085267,0.8340585595660439,0.7786842590001584,0.7268014527153248,0.7505942807847177,0.7731445832325079,0.7665508353852708,0.8041842160400972,0.7629768665456567,0.7992729220844943,0.8595467671336436,0.7436651549928577,0.7512001882561321,0.7333224430536163,0.7559080644412255,0.9726355194840366,0.7509399170825919,0.5113785463424225,0.717432049641836,0.7243140454302441,0.734865084578157,0.7601505667817925,0.7942175834997975,0.7280348828657455,1.0487579520545829,0.8521874452029294,1.0049690324688862,0.7144332172677537,0.976564497131573,0.7894913722218249,0.7288177312948534,0.7762663099375269,0.6152381549462582,0.7693175170238025,1.0261567800524958,0.8266895779766292,0.7065522883876962,0.43687592182843105,0.8300136434276091,0.8233007242451329
256,1.4286204607030912,1.3988001737097004,1.4548503215546695,1.4287185962944369,1.4640247460021136,1.4537890502170114,1.4259550096293934,1.3159775309425061,1.463636846855696,1.4453268074421626,1.4747791730808082,1.4064407311705187,1.4330682191604112,1.3844132876788624,1.423169536638654,1.4563380510808561,1.4331204317540012,1.3484005766382214,1.4295900465470135,1.2813598716485384,1.4553644576075637,1.433195998965294,1.4208109386878567,1.427819709081394,1.3783922593981774,1.329257471873973,1.3767068143588403,1.3917306768274287,1.463172687411669,1.3149623017668528,1.428118374101489,1.4140061789425076,1.3852951532172586,1.427734140708144,1.3509314123251333,1.4008254390320838,1.4441346669126585,1.5279566469081978,1.424860191090135,1.3714393238880174,1.3929727281131896,1.4152733387183307,1.3767817098412056,1.5419288356500012,1.376082843341714,1.4718217295705034,1.4081068009698932,1.4010464568438015,1.419684844332104,1.4425702714601094
257,2.5742952080711294,2.467356532455115,2.7821117117642657,2.3572687879984233,2.4623184518138004,2.504901638280579,2.707671262582693,2.5437089550671637,2.461016731820589,2.3994064416202825,2.4789453536054253,2.3511581407398,2.445964281770273,2.3595508501336866,2.3710223412736635,2.6064017756276208,2.6262245600703267,2.366137189476035,2.4893858312456913,2.5708952996908003,2.5116449758839217,2.5025911173348856,2.6277997351857696,2.651724727203267,2.4765203326487377,2.452502310998266,2.458327972824293,2.406257226202751,2.4991342972036,2.4504768191347495,2.6899120023835064,2.4393243505908018,2.373582643775885,2.573409319809379,2.59583499385349,2.572277521706182,2.7598521989489377,2.407365970399475,2.4722849811609784,2.513867344619616,2.4443133824623757,2.4513873581383265,2.5215119741547483,2.768773204333227,2.4846785008980063,2.675602392572011,2.496696258033568,2.587888486318832,2.444892792970643,2.5033442016488863
258,2.4016001304938737,2.473935015722944,2.6591638804262363,2.5919024948423983,2.5614635247467508,2.3923983534688613,2.3821316264874834,2.5463515343930894,2.3518432241415415,2.5307349523188734,2.6292600983513195,2.4456076116135534,2.4972554160446423,2.649197297123659,2.48336114883222,2.5110852296261656,2.644027031263292,2.564708623332643,2.6240978385715046,2.6748208412707513,2.2400878760925345,2.541182740801762,2.4407560391569536,2.502263707509247,2.6493608172260537,2.5580453182151226,2.78645995870077,2.5698333818289214,2.56890558812382,2.2904618846768234,2.557390877541163,2.635287133943386,2.6188245322066237,2.4818564834530132,2.486664174629775,2.711999323784882,2.6101193201541424,2.45317167187841,2.5777947586784844,2.527436006550154,2.577642235883559,2.536774550712579,2.510491056464552,2.828018210371405,2.6304779067189763,2.5506467454043875,2.584600147961035,2.5723900735771217,2.411326668178895,2.6661689636444432
259,2.647321533905777,2.5883118826696276,2.659709822496321,2.5942668473310597,2.668444748805169,2.666628321532391,2.7509576253574117,2.5591712230228953,2.591442802508073,2.6230739257510214,2.6375125855085635,2.6432352136760997,2.634215746742761,2.6502796554492853,2.6512295288456755,2.7065263994598956,2.7289342951490316,2.5696434514233606,2.5481144995662977,2.8082126265462524,2.572396817245764,2.6077191204794454,2.606533416988997,2.622190747333981,2.4891212472800452,2.635962151069207,2.604471078615598,2.6493224450402444,2.5546694645020516,2.726250818748456,2.590492443664912,2.713842726126501,2.6928498113026578,2.56508673474539,2.7428887239416966,2.7383920312518057,2.5838593517882735,2.568846331721625,2.584819314212905,2.677086210915075,2.608854825288926,2.6394901224884686,2.5637985457891306,2.389930831180762,2.7429160413228892,2.7274316404468824,2.735593227194684,2.7801363626490083,2.6687126127242955,2.7430645987261926
260,2.7110358046648333,2.5912475787182228,2.7033014781038567,2.63100642520795,2.728492854185226,2.7377267139008223,2.8691288174217124,2.6227878679924714,2.6499007823964327,2.714893868510809,2.6924733636635434,2.715436485510512,2.6575569693372323,2.71463730883677,2.721379133688756,2.7272755979768917,2.79310113456962,2.62734062228586,2.613877180507295,2.859716387108211,2.5914989588176374,2.6404045756867065,2.6679405902722886,2.693801476318395,2.5425145598678167,2.668322263252259,2.694642140345559,2.747753435155847,2.594965134501331,2.8013308048879706,2.6678893004896747,2.801951432397342,2.751673160617802,2.5981864504500005,2.8423374835178556,2.7219276676376722,2.6643417221560206,2.576902601005287,2.5463726444501376,2.759677097576567,2.6566153633901592,2.690538440597955,2.626360182313233,2.3988355636892305,2.8078561853933905,2.801026053624075,2.7887727246989673,2.880031220062456,2.696586302847088,2.8351308578870125
261,2.2154337550761434,2.214932408056115,2.1950147380875507,2.102656059112758,2.20568014668039,2.270898089691137,2.3125350065479378,2.225063090073126,2.2336302527569494,2.0690423701864367,2.34134909101119,2.329387814271467,2.1661823848287476,2.2195850354969084,2.260058979949803,2.2091831316753883,2.1454122287785697,2.302055149228978,2.23608743629204,2.243286412403945,2.3445494507256885,2.0929785361769673,2.2190617810824387,2.14596741367151,2.2284505561105554,2.1894962908827034,2.14164472268725,2.254380191821422,2.2408777522083483,2.168467908007247,2.1406620227403037,2.2351221287234218,2.266561420635245,2.224676908411361,2.280091336407809,2.3066093520470705,2.2370534172703205,2.3205513808667027,2.1780754365599204,2.2510848016199905,2.1267785850634446,2.118853268946463,2.2063991054904086,2.209657352250227,2.188558726463355,2.2107969364670823,2.3093839141404393,2.2737331923030686,2.230241230741064,2.212553498214259
262,2.299762661249774,2.3294264522328287,2.31517877425682,2.4067546940641935,2.297231113382569,2.116862225476858,2.224870984319562,2.3998058716012096,2.3901169420747768,2.3424488455495194,2.1415322676503115,2.304404496625482,2.2229276879977036,2.4415370454338037,2.126495625660251,2.2893515089745233,2.4045684875117974,2.3182199590550896,2.3265272852345653,2.3465755912810344,2.3162984482319793,2.386980187159576,2.337195306544567,2.240009604005156,2.333017081597923,2.3413272929082716,2.2548054116302585,2.316459399219596,2.4021403041086025,2.310101533932469,2.3497883211264288,2.3547681467152266,2.327270597017602,2.2996775394384805,2.224943898579568,2.3227739396904,2.340931264886029,2.3657376250479114,2.3819868883202417,2.3479177212110782,2.194998891372748,2.1747833262919816,2.3528718784972042,2.3375973001252515,2.158277582645278,2.3328077351721213,2.281082676159217,2.164782397476335,2.2568892697057015,2.329187046414221
263,2.5806820353315167,2.4075472622985448,2.5753076775039254,2.4170553029450463,2.4229270473156,2.508915389706125,2.5548798603761913,2.572782711436176,2.4701867742437322,2.4158711903469046,2.4198907779735066,2.4201031229835186,2.4101638966928505,2.3379021145928505,2.500735162220572,2.5678452296412484,2.4437387810865516,2.3748982867447124,2.438043332223284,2.5880986426568633,2.5199033172307637,2.434861641805769,2.440889263985188,2.460892443356057,2.467802012950372,2.444098624769996,2.499819183440306,2.3724259036146833,2.3633705269130356,2.3476605239054535,2.494000038858972,2.3745463055167324,2.484318332145655,2.5431286252538996,2.3941713007150085,2.5624116479536188,2.5857624637138557,2.474932729310666,2.5537350927407196,2.4756368686894596,2.502741261578379,2.4806530719543325,2.4876161205342022,2.5277846014478644,2.4550787942116976,2.5041897901303356,2.4429807733731046,2.586455090214665,2.3166620875123733,2.4833314296624565
264,2.211426989055122,2.2453554096539063,2.3441700251585047,2.110675971618325,2.233226311245555,2.2736533724805135,2.2823920162852307,2.2829698023600136,2.2033600060613026,1.9747818928188559,2.2935822361518676,2.29831508459342,2.148731571998349,2.35295625812865,2.2956604883628273,2.2214247213624887,2.1080833394432172,2.326552081572361,2.2736063170699126,2.2888634928579563,2.2464342221642806,2.105731541541199,2.1616252712873694,2.208053261429413,2.4012109576985523,2.1969012334221762,2.2006425451800045,2.2436643588653062,2.195459012398688,2.1710876988825802,2.089013028730336,2.3434211827921185,2.256351991447625,2.1999291173388915,2.323139420815423,2.392434794752864,2.2548261289926628,2.3004223791271974,2.2137412245555956,2.3491315203151837,2.269370761101918,2.211345770895276,2.250585928873061,2.273312777817126,2.1841016999842444,2.3417195144544563,2.2999510891860773,2.405388568502753,2.1124410496780492,2.1495216102863246
265,2.2269649761975763,2.25688757687042,2.3301280908431874,2.1215883490727023,2.2065190361653846,2.2806596837758306,2.2394842145667724,2.3121927351591287,2.1864584772545523,1.9867897251323345,2.317203906457273,2.2895531164673693,2.1689956663583203,2.356203011462452,2.3091487094431518,2.2447003365139047,2.098864708696439,2.3120288790430035,2.265268128766687,2.2624825046677195,2.296581184423596,2.081673381321022,2.161506331970539,2.216954262477792,2.381928340192985,2.2032641743200703,2.1718223936137777,2.2164164498295307,2.2308021846465835,2.1472614404486685,2.1205869483893602,2.29643257350455,2.275244431319317,2.1977981004399503,2.326732218277792,2.42217461720044,2.2282778901894638,2.2882962507856712,2.232486386412368,2.3383576378852498,2.2305820570630566,2.2069806880482723,2.2407904537122914,2.2573360382941123,2.1597028845532034,2.3195090182056894,2.315319249977689,2.3796626196728337,2.1600452916032253,2.1333632337248254
266,2.6196322478067486,2.6004695928127397,2.9608794223384365,2.457222144538928,2.498910627718953,2.5518357254296866,2.8198497090348855,2.594771331757734,2.5572895180681527,2.422747747165271,2.636897432362524,2.4127329636921493,2.5384336753856935,2.4829168376789426,2.5224294385556156,2.7389545894314615,2.7399322071488754,2.529968503907997,2.6500592588212655,2.6959774533196352,2.5460326019174992,2.6871335960563965,2.70901571132024,2.7726788248531076,2.5682964938795907,2.5628421488915265,2.5183357162107036,2.428684609025808,2.61461063180289,2.5578364874663038,2.7691394650935646,2.5554543898583812,2.372754928334764,2.649806961358408,2.7229251354797626,2.6377552114093774,2.8290823656512636,2.516755163820875,2.57278821105697,2.62800290696883,2.5525478798073493,2.56226261606545,2.5945274179497346,2.8691060718229178,2.6041223019644093,2.734137580584248,2.56579498295614,2.6522662489765345,2.545337335325356,2.5418752968449496
267,2.637279465762747,2.521810284883582,2.7866030671621544,2.377050827597639,2.490026353327373,2.482849218676183,2.6771848464213814,2.61408524331231,2.4548363958073196,2.419532312932904,2.5330259829324966,2.3653034169991525,2.492452998354647,2.415452318753438,2.366998472939546,2.644549990639309,2.6315325007968493,2.3785166825359774,2.5084309624191334,2.6233504299005617,2.55144449143571,2.534445696118036,2.61970283189459,2.6424223621805414,2.525215850759375,2.484536722177836,2.487180573454353,2.422834657384133,2.540934401001712,2.5067596410345914,2.697673953665406,2.495227412692948,2.405568357738604,2.591819551645141,2.607204102281436,2.6531663109011845,2.6780693473822126,2.418561607102717,2.534746199250737,2.5058148359258094,2.500384180864934,2.5120055928281317,2.556213222402281,2.7765156610693413,2.511616659965661,2.6742359547071723,2.543261096774886,2.623552291261735,2.4735676722143616,2.539683372881548
268,2.23935397039296,2.2763388132047986,2.1547157514104995,2.229013293995715,2.2695543388195523,2.2732347636228294,2.257216747046656,2.2072692936486105,1.9045219123510324,2.2540076645434297,2.4487015042425853,2.165453373609301,2.2865091411985157,2.2696076731168686,2.2682971008006403,2.2017160325127056,2.251881052503361,2.2177507281058766,2.258339411969825,2.226262210770165,1.8848250640327304,2.2542203444046427,2.19789265561481,2.354754270723948,2.3062889173667145,2.267640382997568,2.2878777921260145,1.8325989116774188,2.4222377402167092,1.7037385909679597,1.863575075981423,1.988928664932942,2.2345791630308547,2.3241446455852,2.217325569790747,2.204736520303433,2.276139708781301,2.2085159442259563,2.27940393206345,2.1413351626917003,2.2335805583140065,2.299054362891514,2.259101524287983,2.4180698918742136,2.189549940603305,2.2237807240962724,2.3724796576924163,2.2926585606224927,2.2938542639061854,2.2640839796870633
269,1.2100684700629127,1.1559542061159256,1.2274321856348074,1.2825289321822524,1.3109091154962584,1.3181982433262451,1.3206983815689206,1.3542096288892203,1.2040331172133882,1.238252152141941,1.0360142973862558,1.32573383664562,1.2253401163427737,1.3954507361355848,1.084046105789234,1.0265747451007243,1.3330966388793506,1.370017766646649,1.2763291814756812,1.306838148764001,1.3676798814261009,1.305523725695,1.4831673400944148,1.4651242428306501,1.252015155512849,1.3246457750405458,1.2538457822606883,1.2672183141903197,1.2463655282366162,1.1358823820331443,1.1845973262037806,1.4174563852877213,1.3439260435700469,1.359924707892524,1.2763194820378594,1.306099824671854,1.238650353305566,1.2596359477717627,1.2807184935580445,1.180628188285624,1.4284698001856428,1.1704130185691541,1.2118878290439312,1.3708462541205897,1.2725195840880055,1.3752402244624946,1.1814795898487027,1.2840624961167943,1.2086800492071568,1.209722142011353
270,2.646757972540698,2.491457467678835,2.6672419541312706,2.372100486939793,2.478833341148036,2.454494062427699,2.5303633239108905,2.613055961201919,2.4187816250014187,2.4087953107214473,2.48022177466504,2.362697950584267,2.4567278375719432,2.4145491998062028,2.3535886893444626,2.640521416852806,2.4847433298597927,2.35021080662219,2.4779975293872507,2.6237239006784634,2.5221214644850356,2.4770622384769183,2.4934439345333406,2.521947548618987,2.478320810699323,2.466745895138491,2.459146113718769,2.428468916615092,2.475705413541645,2.4682832210328947,2.5808171620883664,2.4315210314968088,2.3996967972701793,2.5676138843929763,2.504007703582694,2.6908325914167897,2.534687111562558,2.41955042538585,2.543378533730465,2.462068549950165,2.478486045492133,2.514244943433809,2.502564606344464,2.6794174265076247,2.4406182326291948,2.5492186528489897,2.492910483706181,2.5774489745935165,2.4208339278840305,2.5085662002601197
271,2.370664493468732,2.3329563157549984,2.2550553150642827,2.3177923631969666,2.2676432377965696,2.0760091301602195,2.064800594597987,2.250180775872387,2.288589468853054,2.3463293923240176,2.2628729612151695,2.3074301588343102,2.2538373626509554,2.39797975168036,2.2115261745931107,2.273468014193062,2.2728610623734085,2.00825130764978,2.137561385962842,2.228808405119718,2.3211351466225274,2.279037962746873,2.286192399666406,2.295306097940046,2.2453275944124904,2.243108348854058,2.32732906080569,2.3022622837462166,2.263105743025225,2.2689869378700322,2.3203703030866425,2.2911942716950886,2.3763752413789874,2.259876295799664,2.2708675867107253,2.2558482246333273,2.0548031409280663,2.105753869735736,2.2739036178790997,2.0822636218008377,2.362122947553388,2.315330289762354,2.114053907227163,2.253542989562444,2.0874210658265007,2.25828754281705,2.251227183877699,2.246131377430965,2.322369520652653,2.3784838833985518
272,1.7502533187353109,1.8207183528973037,1.731694658534206,1.667282182658954,1.7878839699610651,1.5323199573964938,1.7891628923828407,1.689906691662271,1.635637921594494,1.7566458150375057,1.7528776710493714,1.7736379238857065,1.7881660949255718,1.7045855722303882,1.5892990100981303,1.7367976444052489,1.7923415172720496,1.806955840669584,1.6935942737184888,1.7407796240347935,1.7226112624362173,1.7746049162313016,1.7918652866936515,1.777033783319041,1.634216176860095,1.7733314019690924,1.7538589469397694,1.7570906507802668,1.6506803758799133,1.7759864558024212,1.7832356748284424,1.59733041325393,1.825079682510962,1.8981699701346404,1.658871611689933,1.693627949348425,1.61207993043456,1.6939889718672392,1.5659874308008739,1.7892060606886702,1.6868723434839517,1.6171216710148641,1.6199276376946976,1.7394587584697305,1.7417981988500655,1.736506275252888,1.846393782619236,1.6896972197745486,1.8381428900539363,1.834839603267417
273,2.0390105976705897,2.1344076135972867,2.0997238517717243,2.075720750620121,2.08287496851891,2.032633783353628,2.039912475242202,2.1947207485825744,1.9733106114632548,1.9827568929396584,2.039681140406838,2.0561188177894536,2.030461095046082,2.115644007247946,2.0859645924676,2.0622357796502833,2.028366872102943,2.041570195581901,1.9969388414931437,2.056992682829815,2.062793144701031,1.9577338907242359,2.0623510587978817,2.1119872187338284,2.131309407944487,2.0960832780331247,2.0483678421289326,2.0739847034503462,2.071402929829132,2.0825340200976825,2.0259693922517945,2.170509047498868,2.0593656427504605,2.00333627250302,2.1155750625039005,2.266246022923271,1.9886048333709239,2.000692534235684,1.9617048237165111,2.0744460388881656,2.023025290940076,1.998932717497416,2.0598496971764853,2.066036840536187,2.004856358961674,2.112048944061634,2.116831509937697,2.1537667556676814,2.1057405626732297,2.0914668755421992
274,1.7952554732689032,1.9575416580141773,1.8466498097016366,1.7883998272524444,1.7786203724772545,1.867155848487096,1.9111672868205147,1.8276546775063922,1.8081860283897289,1.7887004610518131,1.7981563815352146,1.8942317600621488,1.8401309178598702,1.884520329400468,1.8227705003491037,1.871010480721726,1.8200095312922029,1.8012098295809897,1.781298177150056,1.6730131598816538,1.8899717164674152,1.873706272980133,1.7553946045209279,1.8205761192479972,1.8476510005305045,1.9623908419523115,1.768678492301623,1.850481007528888,1.8344554281584857,1.882640678251648,1.88374222307303,1.8275074896723034,1.8335071371815985,1.8067281441259704,1.7989088338319004,1.7995921065394729,1.7401971712384086,1.7970657404139683,1.8169143565538737,1.7614706023632722,1.793968714538554,1.8102798625687626,1.8227335904010094,1.7936106512453964,1.8212649248485775,1.8275792240506834,1.924141059179961,1.7500543263162935,1.8190995222438282,1.9144892249352594
275,2.285482549233076,2.4005374770566563,2.2638132711517525,2.4908888974325274,2.418817655738808,2.3554308924925405,2.2253536633390887,2.2419122313101907,2.293100322274846,2.2512019937207537,2.310668152585899,2.141404828847792,2.27943232303838,2.2719586553402653,2.2604082278661606,2.365630175220707,2.245115162575214,2.419822555313437,2.2462690537395353,2.288047167444252,2.2647163760965885,2.346622869169579,2.149101310446701,2.53556939846035,2.360209724049275,2.58718870996249,2.43281824814047,2.315942422695745,2.3245227301735536,2.208754904219562,2.3771475767516,2.3570991170318365,2.322014687825506,2.2625826608888495,2.3350334534725627,2.218480268978734,2.154479600743998,2.2450542599713224,2.350049839908727,2.2884245383402737,2.205241170932773,2.3564166046417796,2.3611102545757454,2.423754826109022,2.436376784574527,2.3682547372768568,2.303797891520718,2.295378373748024,2.275693019248341,2.4326490458276666
276,2.583396049896181,2.35551951069755,2.3370467142803477,2.2907446142488013,2.5290488664187247,2.331276989083733,2.350997073738551,2.3452698114238046,2.3214256254936103,2.4031305083486107,2.2419337358631566,2.2823785996421257,2.2102719004781406,2.2784563318782034,2.265901643824389,2.328500333625218,2.2965800457283603,2.1832552202704276,2.2483535132855774,2.4179325928198026,2.394393609936815,2.3265411640509477,2.347006402290676,2.3692968482121826,2.5141805852057395,2.536559254668738,2.3412428509186736,2.3225269275974014,2.491625139880769,2.3702813796658404,2.522567443455585,2.2710671878295265,2.3186349415811094,2.411616944365985,2.3080194494636856,2.406636564030059,2.338842408267486,2.3791106766528642,2.401146956957099,2.2903444695272963,2.5793681271971423,2.3885019941958525,2.2906240037621544,2.3165163891482745,2.3111589116888567,2.358132125099603,2.3672457003104874,2.3265788058986994,2.2633090718930884,2.307736452724484
277,1.8054472556147934,1.9425849750673954,1.8214523736131305,1.774880386105302,1.7586041470250917,1.9216020600545587,1.98357002007711,1.7937066209826416,1.799668419737209,1.7587367185940987,1.7978977735522275,1.9206407283232325,1.8480757145794957,1.9062805629476394,1.7782651532398361,1.8614912085961457,1.8121438474423979,1.823534040689255,1.76720285794649,1.6533580694560346,1.9084243589596195,1.828449202619578,1.704275031089621,1.8047178525002696,1.8703257737563064,1.895406413362875,1.7673500235324422,1.8472550284139686,1.8462611812648637,1.9043376810809338,1.8902633761353957,1.8180102339666924,1.8622927212546223,1.8040217738327264,1.803917242773812,1.7938900903395254,1.772454861300087,1.77842005412786,1.7783847854210582,1.7690116832389373,1.7612764601816906,1.7894953139536245,1.8376100924194514,1.7938152308449675,1.8443336657006517,1.8496049755414146,1.964578357690879,1.7833267106251265,1.819426481456654,1.9409705592556463
278,1.73876662047289,1.892527275797909,1.8004601954350044,1.728599292392607,1.7198408234111264,1.8541189846231267,1.9519336679863564,1.7249330765918671,1.7746828684916665,1.7129285626841284,1.763548637006254,1.843279386484721,1.7651290929867232,1.837419130392159,1.7037257235369756,1.807452738368723,1.8099299712258636,1.7322979938282046,1.7127018444619928,1.5863796777950459,1.8505938977637602,1.7967490354188769,1.7019505313266272,1.7770039402409576,1.7877636217782626,1.8295987180137585,1.6955117311694696,1.839429100519439,1.7890538116586203,1.8327019458531293,1.8498720978462675,1.7421500110718373,1.7729917600377707,1.778376348457964,1.7183220233233705,1.699490328710783,1.7784172723226463,1.735398450825972,1.7166639313157592,1.711655794359931,1.6907883861177417,1.7030057127155338,1.7646028209573057,1.781529110361292,1.7747201054829143,1.8389179478360185,1.8910712138249064,1.7256428596995956,1.7768552795178714,1.8641431860821989
279,1.7323213697878899,1.8004988939759459,1.791237063607987,1.8045891851809674,1.763157861109728,1.7742169036669706,1.758182472338028,1.7145832143736461,1.6022787670960632,1.7653173923785817,1.8208861510745908,1.773705959412291,1.7112636148160192,1.790279526012588,1.5734356587534606,1.82523225067133,1.7307055628968673,1.7926135174026685,1.7429242694280758,1.6614372285947638,1.843273684586764,1.7884839756488322,1.7199283505938725,1.7498685326058894,1.8226127467687068,1.6876477760136028,1.8179117498687276,1.7741755689812102,1.8249035981694783,1.7966355616284542,1.6447250192252811,1.8123564975881283,1.8108952832717948,1.7017946156544026,1.758802107257301,1.825690121706394,1.7500667905444631,1.7724917637156175,1.8666925538008448,1.661656023666235,1.6817572779772192,1.809999673894632,1.766033540586891,1.758241076414385,1.7575697265678905,1.8153610184357793,1.7626917478427035,1.6293441387957803,1.7985702485965547,1.8262145906441631
280,1.1212314398896446,1.19945974872717,1.1815753623543586,1.1964828068381301,1.2438343458265635,1.085207624127876,1.1064101266240227,1.17051924968582,1.1735431242146603,1.2847521913124236,1.1907709210304152,1.1519708287201027,1.1833984994833546,1.1805695249479307,1.1900341611195344,1.1997886746368867,1.1748269145781798,1.207252932300669,1.1529478166036782,1.2012742865862363,1.2176950579942645,1.1705114828999097,1.2369534953488217,1.2032394592123286,1.1584839289283693,1.2026906610209966,1.2370903671527813,1.2234168151074591,1.1659594176887866,1.215926572638537,1.2282971962783167,1.129778119826819,1.2748429332011972,1.2629027022432324,1.1436168009224517,1.1681898161876347,1.1289656937419288,1.1712030051693922,1.1634412414143567,1.1405910216619803,1.1716202436560472,1.1846749548030324,1.175766046100402,1.2070160830402958,1.1508579520308313,1.1414130934834708,1.1566640891478777,1.1172498102108737,1.2453615873259478,1.1576585157647123
281,1.3661732211225566,1.515065805771275,1.4337547841056555,1.4159468816005507,1.4608910171440526,1.6497262681393745,1.5226631471623957,1.684620375191404,1.3879486404873305,1.4831184470235281,1.4708522300639473,1.4619548455220577,1.4464602082608735,1.4447261305152423,1.4801051869544626,1.4227322145867918,1.8132755180470097,1.3785833849105593,1.467681708485225,1.4569208667162075,1.824717090063535,1.4594433135712856,1.4934843827265052,1.4394629813203679,1.4312897457056089,1.4830535171928787,1.5215495462705135,1.4368210423183037,1.3688132580962016,1.4893841236787448,1.4247168530841519,1.483858628030573,1.4503855325283599,1.5524526701604482,1.424971521025574,1.4727735391707455,1.5525048783554085,1.3562445363193962,1.8106249495347488,1.4065805754948393,1.4568696041827778,1.7538974900623092,1.4634846958154766,1.4379563039716379,1.4658480571444166,1.8119635103172644,1.78598389411294,1.6574790035563463,1.4315380387813708,1.4969680572987514
282,1.1138150543072172,1.1548368271306306,1.0918391275925572,1.1031399577996108,1.1063702577699517,1.0917845312118786,1.0480601960310603,0.9384563638349217,1.1478414717367365,1.152417674768337,1.0793658564490975,1.1099275814665717,1.0837222253689465,1.1024348955035155,1.09743406317223,1.184096789383256,1.0651577875154317,1.1537844412682023,1.1116831317088147,1.1307087545164425,1.116142997017013,1.0783411946817338,1.1031280054088253,1.0966503430189416,1.146477040798624,1.1444802361720168,1.0943020386873652,1.1369461615496945,1.1373682960415756,1.1450299357885108,1.1301349650100194,0.8855495724655258,1.1457977768965737,1.1883261535520742,1.1448642594543088,1.1300202879474481,1.116290363619827,1.133489733602623,1.1980622428812273,1.142249855748779,1.1021200539837004,1.1076322677275492,1.1413516269762223,1.1031305740347968,1.0243457399008653,1.182863622331674,1.1153915161884491,1.0371158623207233,1.0989629587942886,1.0921976733279841
283,1.272982035788738,1.3851431345955278,1.2851063823528204,1.3238148462186103,1.380212821735829,1.2757925307801887,1.2866034342044337,1.3010628797488195,1.305998411544973,1.3773727084194762,1.338331315131331,1.2888181955201983,1.3291625164234055,1.3580368234479394,1.328801842818896,1.3523822706746644,1.313473131001281,1.4099944876790103,1.3278648440647354,1.341996242285326,1.3514077716598507,1.3366311571445664,1.3270729598781612,1.3559952454301127,1.3593229751365747,1.3143267495696023,1.4012856868596422,1.3651018968905184,1.3065547373155981,1.381231039037928,1.346337348509735,1.2809141414496885,1.4123195299964042,1.3844547903701832,1.2921412933876297,1.3472877170314748,1.2879278724260679,1.33223200537714,1.3263560385200286,1.3056517208415839,1.329931292340646,1.3472297501334154,1.326583814057491,1.3377413915863738,1.294999174956871,1.288087580964119,1.3363452531313733,1.2658189804295787,1.3302655748369154,1.2643337053625068
284,1.2162102205402103,1.258266894231376,1.2214337502031398,1.260456786694724,1.2924610866231685,1.1336532112012292,1.1801232586609078,1.2575046461703554,1.2385280699116912,1.3186676990841093,1.2596069488308927,1.2385640863011438,1.231532093149264,1.2706951018798396,1.2563945174803415,1.2566142114574008,1.2445392022233772,1.3156945004461154,1.2456958123317197,1.2912680907121388,1.2886760184383572,1.2350861887570765,1.2679428730441877,1.2343106575497718,1.220610250641112,1.2971928720052759,1.3649286773593055,1.2678004776215772,1.2064752991229089,1.287345971073874,1.2486464671570499,1.2436334422313076,1.3552544816791867,1.3008890285060057,1.2145351787648018,1.2476807422293126,1.1784040132788816,1.2334611320841464,1.2332529324164199,1.2205437847924854,1.3037619491660806,1.2752315116727573,1.2470873786057064,1.2591370281852192,1.226725958308717,1.2081487656776657,1.2455926675511027,1.236740904724647,1.2737061426219891,1.2450615724272467
285,1.3556712343685753,1.3975904730685946,1.3895552925370307,1.380681972889641,1.3998224374510801,1.3272539367973377,1.3938715286377414,1.389356657800688,1.3571539359610707,1.3895573691369751,1.3809617469675928,1.3751437822601993,1.340151158284499,1.422554988123153,1.399993664338453,1.397356208880903,1.4123520219890253,1.5493536703117439,1.4101982540046833,1.427712052931124,1.4115067339482934,1.396856748173919,1.384384166855058,1.3749036825223122,1.4165314766560204,1.3961508990209541,1.5526040340664586,1.37098029343489,1.3248701134932785,1.4273843628381861,1.3610096663210047,1.4006202795714229,1.5126587356054912,1.4531481079830735,1.3615669588976385,1.384400575027275,1.35345255248272,1.3636656552106192,1.358438754645669,1.390009836887879,1.468190756677778,1.4100601518923526,1.4176365143179117,1.3876451385046127,1.370472606251723,1.3918078059417196,1.388791557601614,1.417310444337816,1.3568298960385023,1.3620803272008999
286,1.4454911983514886,1.525872330624436,1.2148619808431729,1.4353296957141266,1.5330536961396826,1.335705709837006,1.5868485118135682,1.4663747994834004,1.5411479700954747,1.449590369416339,1.622483295980767,1.5055351153015675,1.3526442411650574,1.6072029182219794,1.4721368516504758,1.1799362091165317,1.405876918544493,1.506073611822924,1.427771232970585,1.4202584357698291,1.5122009551351994,1.511227494443193,1.455339993345099,1.5271523523178097,1.5757877924984705,1.472196327365939,1.578290056226038,1.6291870652360547,1.2588307162430272,1.4706072154752066,1.515734009830986,1.5117866606205936,1.258431603158325,1.474416246148022,1.6147103734226,1.4237808365467526,1.516809753807685,1.057339841484871,1.3840848526169216,1.5319499668476135,1.4987408146483574,1.5582558185725235,1.4873441697933494,1.4759391088844076,1.4902886225217054,1.5403936300517622,1.5743527220830242,1.61124612220196,1.4311439674827238,1.5754919114743515
287,1.5634584431093907,1.6005554967920026,1.530585942154099,1.5693957794942133,1.6255050412872638,1.6086989460832815,1.6348903882110344,1.5532680842054836,1.5172356559040576,1.6541785653203407,1.6216511200139703,1.6320955103142403,1.4821319648174995,1.6063993660548483,1.4450494386574713,1.548604277254265,1.5968640981933637,1.5847171434659444,1.5331774793470672,1.4753650739674526,1.7258313064466186,1.593259560720262,1.6132242173217448,1.5770942978465161,1.6288770183895753,1.586534028625242,1.6660544325725812,1.5737036558419497,1.6001960627963605,1.6423994804573976,1.581469330314337,1.6367411851643476,1.6059242239005815,1.5513846103435385,1.626404346772528,1.5766602013258728,1.5888203282005486,1.5890329912927328,1.6817122014008656,1.5014243024407747,1.575023076971931,1.6287389840754756,1.5724722973940732,1.5935048526233486,1.581511252554292,1.689175330195933,1.6267564530964105,1.454359472754997,1.6008118829231464,1.6900907539687573
288,1.3962572932348447,1.5107810504722146,1.4658584615405488,1.5368145121913024,1.3118940356929172,0.9897307559499886,1.5046757948331617,1.4972168188411672,1.4631135269738635,1.5075609764972242,1.2969755785781896,1.4259993712784667,1.4812285707065627,1.4727546362154929,1.496914733238448,1.3563590611592833,1.4709596248343573,1.479189788967222,1.314204324127033,1.6566209028710617,1.3589092708937045,1.4365060881808596,1.4278564452438691,1.4690647466116502,1.5045644538416525,1.839757265998868,1.4832983272183835,1.2742600322237614,1.4843784327278318,1.357213278553651,1.4728344628371914,1.9803018417687905,1.5195517784255799,1.426950607716231,1.4460727869528363,1.8362607042903907,1.4452629227800085,1.5263965697785942,1.3396406018426639,1.6167790047519688,1.4266284156917024,1.6534890458621163,1.7479311969374614,1.4957820489304883,1.5097398528996742,1.471666527173183,1.5248476855746276,1.568843541735637,1.5138852079944662,1.5256316395958827
289,1.6894360827171209,1.847196167234292,1.835306475491544,1.6355476185968874,1.7783858207596865,1.634355363655926,1.7698748787563465,1.6417492249031829,1.6302650446573566,1.6004433761859875,1.7430176745131587,1.630806257125915,1.7683869294025882,1.7473624737303908,1.590310389145964,1.7018212731973401,1.814907359685673,1.8384079696613296,1.7512254163609704,1.6837974936874742,1.6372535400457018,1.785925707651265,1.667264585448681,1.8315269321334853,1.7341920644033468,1.6925836463301405,1.7633233603271852,1.6645457320536572,1.6337306298393521,1.7065580038085062,1.7480079061228482,1.652597137617306,1.967881813111891,1.875012692100622,1.714172715577325,1.6786391950605601,1.6818390112916406,1.6106812120854066,1.6313921835072536,1.8579309585461585,1.712306846045852,1.6257643151663874,1.6531323963437732,1.6812286653239727,1.7163580207788725,1.8378253748332893,1.9749985703254644,1.8550751421756608,1.783609966574129,1.8635040337161701
290,1.592589374219159,1.784851229808393,1.7494015113331578,1.607052312252689,1.7202093555274907,1.5624723776009013,1.69372555824512,1.5743231266406355,1.5789899152594185,1.5839856093808944,1.6338023862199673,1.5544364389464143,1.701065857120204,1.6674721677133517,1.5273838285455243,1.6313030978661742,1.6924611413378443,1.7885333519721818,1.6449167420657211,1.6530419832655872,1.5304774601442244,1.7518107469707291,1.6248445908239404,1.8074134704888873,1.635147755318414,1.681087494789379,1.7132439114023366,1.6367941101692338,1.5569129291067592,1.6608513364477888,1.6475093768571059,1.5700283329538642,1.8028062520934895,1.808810741362997,1.6109770998143658,1.6174178924312663,1.5828274093530572,1.6095312605639593,1.5720030556104347,1.7887066829574927,1.6685619395590798,1.5558292765038875,1.5822621945219488,1.6172381199152142,1.6491442145139992,1.7493446436574422,1.80732842967298,1.6862999333120055,1.6817845333328645,1.7613483155165284
291,1.0506238000427395,1.1093305607276136,1.063146518518824,1.1052050836999818,1.1696409043965383,0.9137474427324466,0.960222661701108,1.1035247713252527,1.0994609469733216,1.1893897736327381,1.1112074445253644,1.070857749682793,1.0736933648957265,1.0945840631457049,1.092968022853361,1.085566872830574,1.0804265558850839,1.0690253528707956,1.0669282193168934,1.1139263603882723,1.1286245613574923,1.082855879862306,1.1273159237124224,1.0683087445582116,0.9985776518117095,1.187816143049023,1.1825806971188335,1.1206063757409197,1.0467613610446085,1.1216512388870559,1.104736351186716,1.0736714172798685,1.1548178368352433,1.1049675763051017,1.0424405672276933,1.0701456097149737,0.9989500087130097,1.0791083561989439,1.0888733775511072,1.0408077803986506,1.1438360471682039,1.125357908730848,1.058351118673456,1.1102617137704924,1.0465612579915353,1.0322917641967129,1.1020921910002937,1.0515834431594335,1.1321299561134783,1.0956963188791526
292,1.694390172608653,1.8057687809229481,1.7601837454912292,1.7477958365868496,1.6604248624951898,1.7877603403791165,1.8259206365264538,1.7161040453116394,1.6354868141347971,1.6422839179835051,1.6655576661157347,1.753350521929748,1.6432366085333232,1.748544108553868,1.6398203428397808,1.8302517715711657,1.7611016721319857,1.7195436567557536,1.6889828909279903,1.5979743098848047,1.8123542016126475,1.7401334173040865,1.6721086374217258,1.6859337293698395,1.795981980750092,1.7750280570933947,1.6911615158971518,1.7197396360359747,1.7190289361314175,1.7526699324121164,1.7296032883928563,1.6821904892908144,1.8270104390334403,1.7010891113274842,1.7017331608067483,1.7345554492633348,1.738982010976736,1.6521993495724843,1.848138185542012,1.6673525562780958,1.6712872515278292,1.722529541915426,1.7528555126623013,1.6616260666813902,1.6389676024515332,1.8466616676615781,1.8470025500521547,1.7112343478637237,1.6858750981886432,1.7846344527647453
293,1.6565127160466915,1.5969179102794548,1.5848285420011052,1.6284076680993653,1.5991903127645806,1.532209400856658,1.5780111294990853,1.780129128438848,1.6263003727155123,1.6036185024895726,1.6087728645440258,1.6097715359299718,1.553027014073331,1.5322732280264795,1.5683691560995605,1.6554444704073212,1.6025078028995372,1.6002457175447855,1.52228121106819,1.3995647944978984,1.6416156948999436,1.5365692626415388,1.6180211332663261,1.5806350667645184,1.6169966674615477,1.6305592879590325,1.6479963642347855,1.6046608167913412,1.596953407170778,1.575412419994823,1.5529414699214206,1.2182919342161331,1.613240189434098,1.5096274877426161,1.417924203009477,1.6853510168973607,1.6328066238415544,1.59750101475651,1.6459813104494216,1.5486012237224358,1.5085174419190661,1.5101629312432205,1.6227289469794712,1.7195195293437209,1.570534061354028,1.5272987312740365,1.5402098651775233,1.236717358615464,1.614234323286368,1.6121976708278432
294,1.516450995393381,1.6446930590854256,1.5802485664161612,1.6129832502295116,1.6179092381991067,1.5547213004447675,1.6273996414119116,1.6019267991041595,1.4834433608086588,1.5932880471726485,1.6260679347077147,1.588812297724297,1.618839079193389,1.6739846560809841,1.6017003863418857,1.5305963152108175,1.6636239388428709,1.6028704581590176,1.6035823479657276,1.543971127925297,1.6358937900342845,1.6685522580615864,1.576440208909096,1.5937445684378497,1.604566881261487,1.6067578890200611,1.6949085356309332,1.6689750254611653,1.521772941633035,1.6617125765387808,1.6130097259560046,1.61151741355056,1.5740404984803753,1.6644031664323573,1.512968925103765,1.6033682723733524,1.6287357468053152,1.5811488494420214,1.614699639048494,1.5675610106280633,1.6122517696741419,1.668405676562223,1.5993959783958385,1.5393873954594608,1.5666210337476247,1.6306376592341785,1.5555865848191228,1.5583817624491205,1.5736569625887258,1.6081165139372153
295,2.51687602881308,2.413301069236783,2.448267526663159,2.448693224921243,2.335406377889864,2.3576268880667293,2.4091116928812557,2.434795187406287,2.4099571205327734,2.319862444882555,2.493929437740359,2.420548253397916,2.3753970778678237,2.5630008930745163,2.3780244325739055,2.4629744770371556,2.51343049425245,2.356198620351808,2.420609708437228,2.457570737508286,2.443204035653382,2.4714124032072604,2.4448193980342943,2.521362121671472,2.4848967193355325,2.3876670741320964,2.4663456507668515,2.393344225604796,2.473105420937518,2.4160620777337556,2.5786057757218988,2.475275930477908,2.4666829975322617,2.4214839726377733,2.4875786122618386,2.4187115125301,2.3514285998890747,2.4588935630774387,2.3289716064864834,2.354385323702269,2.460454639842716,2.3790120196142333,2.369730158960273,2.529133215038403,2.2795476335557936,2.472694336942414,2.3976865552890807,2.42853980691757,2.4877083393143007,2.460603574544585
296,1.8358567702785997,1.977712389281348,1.9620496036633703,1.7666119040556643,1.9258663959383209,1.715456450183023,1.8710159874413863,1.8555214908319304,1.7540092170697088,1.9057175633521473,1.8609942360121474,1.867352458685204,1.9036581786706144,1.8379786951961794,1.8112114881278512,1.8202158691909966,1.898596752961696,1.909765859196595,1.8609704374999474,1.884597730862139,1.8015421477600881,1.9806119430827076,1.9217512830317531,1.8964643810061759,1.8336452413882611,1.8952523376042372,1.812750524991527,1.8318410640333767,1.7935373556300362,1.8429713985762728,1.8421904831985465,1.7928387478968375,1.90050449394138,1.9541074075674159,1.8567767801828854,1.8066810535943088,1.8061177604860674,1.859741516508434,1.7384782605352709,1.9735078704236377,1.8894291089384865,1.7900719329780568,1.7037724953964304,1.8226998223460091,1.7791617418250354,1.8527175687539477,1.9522076250727203,1.7979867644458776,1.8667603331105493,1.896925814074832
297,2.2678470838779248,2.171959413837236,2.1479967259678325,2.1409691403649997,2.137432502767002,2.0167847775844265,2.0081968193178668,2.1330567667376172,2.1713783509721942,2.1481844923420326,2.1351998810564936,2.1528496281746268,2.1288692177452937,2.229603804703487,2.110006435013517,2.1526030670491796,2.1421722272636075,1.9612413284797263,2.04985723508255,2.0410302087645444,2.1879087831298527,2.126852255600866,2.1176445009068283,2.130070139530653,2.1485120227289265,2.130526933600329,2.194634952649496,2.1673167749248172,2.176102465692166,2.0786806239236633,2.213511953961623,2.12707375797293,2.22764406469809,2.121845713509373,2.1194056411659155,2.083980570799323,2.0323904718524366,2.09169762276305,2.1059367102879634,2.00972788007593,2.186307578241454,2.149716479559096,2.053980622895647,2.164586748035836,1.9842151472936713,2.1645526215350768,2.1147689146775424,2.1528793864291043,2.1547228834217034,2.2801807745087572
298,1.4461684418072975,1.483322910592002,1.531884189703284,1.555554396933811,1.5010328795731382,1.4912673626544386,1.5581731023490732,1.471758757687132,1.4902627282654741,1.5976575765824763,1.5362543253956122,1.5229572194995815,1.5176789378502278,1.5698414641108265,1.6164234275530198,1.4762265521529931,1.5746887699386694,1.5337955948072173,1.5503783069584367,1.5017877589796136,1.5440875387585944,1.5552821832995747,1.607611372299821,1.50226665575319,1.4746345046084386,1.5285208512002928,1.5945250076571433,1.5593042555608108,1.445222473971624,1.5094586641716887,1.5483141440870467,1.4821577332814666,1.5206515938609275,1.7146653929985143,1.4489725001185292,1.4433538232174916,1.5667227412174585,1.5094692700263312,1.53788263480262,1.5229890153426258,1.5308478510765084,1.5549719537427684,1.4897249006864959,1.4564460072191339,1.5364864705946957,1.504997320416063,1.4276165366365206,1.4723530473060356,1.5174062304389908,1.5268180757333099
299,1.6684097933189914,1.7922525346597808,1.7348423797883328,1.7637329818715983,1.7045367208422553,1.7234008673873387,1.8067686720778635,1.7305688704158015,1.6062596452127416,1.6747167914082903,1.7899030609614197,1.7255982951055362,1.7602003195906502,1.833201810173918,1.7603105694324412,1.7089633310761663,1.8001928888129348,1.7885832056033335,1.784642280386687,1.724651417218686,1.770084886823259,1.8350456083222895,1.6746452353183736,1.7310176583713845,1.772528190988572,1.7201956157429006,1.852515197336377,1.7900693105545358,1.6713342218208105,1.8100471494374961,1.7338765055946705,1.7701836357426846,1.7396992732188608,1.8101321165589668,1.643400167091853,1.7752078158699849,1.7627752300116297,1.7463568008657386,1.7655777442652907,1.724182551911861,1.753468859352985,1.813672171993293,1.7628711830889685,1.677805792760093,1.7288628858527453,1.752161914218851,1.7336996739113744,1.7200605315699584,1.7075791845128467,1.728728775166637
300,1.5038468420859514,1.473831834675917,1.5320333322333681,1.5921445828329404,1.4685657901573181,1.5991655582741737,1.6655678765222923,1.4692246266420455,1.5651971228216368,1.6071248415284076,1.5869932631392984,1.561867324624402,1.5430429150130802,1.6082491337288793,1.7156719476877385,1.5462108794546108,1.6101318667354416,1.6113678210723803,1.6362262591225267,1.5675694417397104,1.5961237223967863,1.567720729970997,1.6273738846306154,1.508719556934361,1.5272882415607238,1.5122859036291842,1.6509199773370025,1.5302276916568651,1.4807832831243264,1.4953799534669656,1.584289996602891,1.4681229853786544,1.5884074763576521,1.8188492017664153,1.4599052616591806,1.4530654854101925,1.6246239637995217,1.5854713455181155,1.6009837508228877,1.6011440612050283,1.5593370594223686,1.5615824976907735,1.5209092229492605,1.476125752680522,1.6073895713484152,1.5127417103627931,1.5200537538710766,1.5445131694368261,1.5204313520792057,1.5236839211895692
301,1.1302719977006337,1.1344403074472902,1.1224955263573513,1.1408807311586866,1.1948093748297541,1.0614353298035946,1.086944829229311,1.1546173451207435,1.151612691614437,1.1708317513165776,1.1569941189058746,1.1035873869507054,1.1046029408938036,1.1309006266942152,1.188777707400785,1.1364168021798537,1.146076485985267,1.230677890233551,1.134274431246408,1.1335328272947676,1.18920330232773,1.0978175045263043,1.1546680787178252,1.1266668015891534,1.1600583275576941,1.1552660472701497,1.1715605641440376,1.1501593224144422,1.1532940418949225,1.1334080825534034,1.2007840008132682,1.0691860881091113,1.2299978018273645,1.168923603268209,1.1374720651136823,1.1279448525267197,1.1159245090898064,1.1400901785659876,1.146918205561307,1.1444078789438015,1.1545047243292785,1.156671472347309,1.1529677997782608,1.167471841275458,1.0941552126636234,1.1511987299382036,1.166447201158281,1.1308694398618164,1.1798744252336841,1.1264891418546839
302,1.5917415082793118,1.5887898955649744,1.538187503858639,1.5789882498219558,1.607419708490632,1.6203951333637598,1.631475866579418,1.532007056980321,1.5594920496400224,1.607539847939274,1.6388648726929933,1.6221916907677358,1.5380782869594274,1.6049261081718367,1.4955578211825635,1.5725999892966973,1.5958922497586512,1.6033788610411097,1.5802363334705944,1.464756312539242,1.6741135120495958,1.584080901139795,1.5659773179778904,1.565079827050731,1.6206489566009612,1.5189666046915429,1.6379582107576844,1.562053398315122,1.6110205623531346,1.5841389032091513,1.5597025501388408,1.6204730562917478,1.5935325527656499,1.5565063046698489,1.599558488609679,1.583583785836419,1.5961431320517248,1.6402355147378245,1.6315381867241041,1.5331893502636156,1.5687005876439528,1.6132093461938144,1.5813488190013452,1.6318290139145972,1.583111881280706,1.6652895946770636,1.6254543143685787,1.5225979433442562,1.5716420081182703,1.6586172379095743
303,1.7387913231330252,1.8589425523585872,1.934432168121722,1.8326663847561964,1.771895302349363,1.7813540010586024,1.791894445215183,1.6685120190642584,1.6507533843749211,1.765686849639096,1.8889896694097636,1.7369476482317494,1.7902140739302137,1.7922284777938113,1.698039199240867,1.9055740422944356,1.7880218879766074,1.7533082816987342,1.7949430221812426,1.660960153878973,1.8323489709842296,1.8584756462036083,1.7884681692540099,1.7918340752734743,1.7851601427027042,1.6806811227846392,1.752636165125252,1.8161214663422953,1.8745236456100702,1.7657120332780387,1.6925826501695402,1.783042269239437,1.787217870429263,1.7438231636680372,1.7518269237136952,1.7963181946574076,1.8160601003098238,1.8022046942734296,1.8680779409603117,1.6814538792130023,1.6690899485017496,1.8133709217752525,1.757160668406435,1.804543503899799,1.7777294274281212,1.8271869129298306,1.792753126985204,1.6568363221988829,1.8288986870678041,1.7901447880914283
304,2.7754353842976522,2.8102755860288475,2.7943954154236135,2.8860984338672804,2.843890545991586,2.8695584813489896,2.8808527859237447,2.7708728481397653,2.71611786595619,2.819464368880219,2.8266078542287936,2.783029413221648,3.112773843709716,2.8825514696031416,3.0508833234817594,3.11447466458297,2.9064652155706874,3.0324058129372764,2.717436173638653,2.9516765832519436,2.7022672335009545,2.746200462084623,2.858717643386057,3.0004384354872506,2.8743917095020706,2.9404837519895075,2.8705676750112756,2.8660883422764947,2.8192110599192626,2.7455918940935136,3.131678476497523,2.780967282725495,2.875813309482883,2.8010006684429545,3.1671117730029117,3.1268168814831583,2.816044358903743,2.7329714252413666,2.837705965728209,2.842749194173442,2.7924301685973774,3.041062088970122,2.8388879995808054,2.9166549497134184,3.0064258364621512,2.9056884625151937,2.922009185909914,2.78333886606967,3.14430871612825,3.1844683539961025
305,2.5364352764059186,2.6193182939374067,2.5039904216481066,2.632039839875983,2.6046393051203034,2.6009627672639652,2.7992558380096213,2.451971145376863,2.5813947755379214,2.5532808113702767,2.5987116939276476,2.5743941249375553,2.475507278928852,2.6427797746152715,2.600291717896617,2.6597055900701285,2.781546802742757,2.465432321764836,2.508190988486424,2.98170078567102,2.4171335926294617,2.5448098565937842,2.6139462818983925,2.6147362865104506,2.553933367816497,2.614589513391035,2.5253176923489296,2.585012199942824,2.4508762010646183,2.8794856127942623,2.5574676221944754,2.794912363894321,2.662614864890685,2.45793257775561,2.831372291924259,2.720557473569105,2.5585179410396206,2.4405150748029136,2.550074011453134,2.704953682250613,2.523541309657226,2.501796431484408,2.5394017126262955,2.3826119660466896,2.8480905657961877,2.7276806021524287,2.8840585357909436,2.829480128991154,2.662772233379359,2.7558140354862353
306,1.9769850482141536,1.8739829830587276,1.766294550541243,1.8395786395550626,2.0260212896948815,1.9995997023382088,2.0255619958292606,1.8311762659933892,1.8753514525793369,1.8726492996857402,1.9014933739311726,1.7817038119982556,1.9278882711488112,2.0211763877824165,1.9487437471034816,1.9433234612324881,1.9012046824548996,1.9206480316521333,2.016115365175267,1.9425841487164561,2.0197708094224645,1.9570908804301261,1.7343429336726697,1.9516774701729238,1.9534884335590466,1.9727877482958025,1.885930235693145,1.9602818864530196,1.864232110454946,2.116796731362461,1.8840820067305444,1.992486476665325,2.0578962891377017,1.9298397865820007,2.2596650072259337,1.9512632534604926,1.8298309990177253,1.8655988956164293,1.9898213371838906,2.024859138975124,1.9736966407465033,2.0496056213056306,1.9901623607922687,2.0070721655658295,2.05038840569639,1.8208236423503639,1.8930918985605452,2.0626966496890757,1.8219434693744034,1.9357688786924694
307,2.42027511193756,2.3967386949006384,2.3645928514519596,2.413031694827625,2.311618401105287,2.2860403384880392,2.363888161539741,2.3151935427347716,2.385457179021696,2.3635778114142743,2.391082117796465,2.395597622271344,2.3067233647836467,2.5129239985908427,2.2646126836615714,2.366710052271527,2.478870187361906,2.2042314950862303,2.318230431065963,2.3804243798830136,2.3839118136612303,2.4256660455310097,2.435923547809752,2.5207403025581088,2.382826075862548,2.288705913599962,2.432286079944003,2.393907372721049,2.3880928180873617,2.4082033370837728,2.523488473735613,2.419364604696698,2.4363253292600184,2.3897753995162816,2.43785488287876,2.3478074801714097,2.3178694305260983,2.3016933430640236,2.290059828858862,2.2671256328294875,2.4024467058709007,2.3321685447100116,2.256061022798182,2.456507536535261,2.2039770783949457,2.4422599645758374,2.368259617481554,2.3546719256349125,2.4601953173038247,2.4122685369575976
308,1.4803646803728574,1.6760626611761587,1.5595675255444323,1.6122903447024513,1.6291229493161659,1.4829368020378704,1.5759571876168579,1.6091629546066848,1.448607099188843,1.6589336979330749,1.6304422439769084,1.5997227566431094,1.6286148490891996,1.6950301043487581,1.561206892793681,1.513256606406995,1.6350774882267785,1.5562023009312371,1.5629185207389504,1.5540752528161788,1.6312106293880788,1.6551491070310025,1.6007706064366993,1.5818724371776192,1.590336436634276,1.6303623424254532,1.7004429503650367,1.6830155515077614,1.4883536925818852,1.6959112668195981,1.5903973019364042,1.6391383182810877,1.5849659028492216,1.6853912143363048,1.5071344407288016,1.6003365533118314,1.5689932151071142,1.5172594161138662,1.629815820970963,1.5140859078206077,1.6108483734111694,1.6883393305453396,1.5773722860189512,1.4877989572553618,1.5869471200329706,1.5921587445262384,1.5089369711800522,1.5051099641573331,1.601815969583626,1.6234812602590551
309,2.828773029304708,2.7084258058164696,2.411262479728844,2.7552581191802936,2.707344161085901,2.9601877047504104,2.8709130863014316,2.818409539083129,2.8071277079458286,2.905914414456503,2.7480138702133465,2.7211364333934522,2.929201801056614,2.846196663546648,2.490920827931955,2.9294481042516693,2.539427773259585,2.5496635386605,2.65464974946498,2.817384358118426,2.4700351982930453,2.803157015457458,2.4934370133577684,2.832123234012583,2.8998010410410977,2.784195958585947,2.7972680827874545,2.908458340313228,2.738935426751816,2.8513400762143064,2.9411236077560092,2.8803330717080073,2.7700180214777887,2.7839097301571654,2.847899888355414,2.712705279809102,2.8225797230245977,2.7919140658404302,2.2207828209973144,2.943521194917267,2.8631637372024388,2.874226690161173,2.8942340375207216,2.841700760206681,2.87631008351301,2.709653239359225,2.895344941016404,2.858028999737396,2.686826558177035,2.965299981532347
310,1.688968666144134,1.7798434729527077,1.5645169395736698,1.684073835087907,1.6388767567897178,1.6051525395291302,1.7980498194384733,1.5222314585391445,1.7266648828337763,1.700360257608664,1.4871930842432377,1.7155958205569188,1.5855541198652254,1.6775326460835709,1.6358909078160737,1.7113449766708646,1.7527266905791112,1.7988912450053816,1.6389306580771361,1.7919466830762332,1.6944748585589853,1.673118578727621,1.6981429394899221,1.7318264417141798,1.702645053623117,1.687253246910836,1.6078223479676739,1.6101422308762459,1.649886777189332,1.7456897110110812,1.744853316737248,1.68682617333371,1.804174600122046,1.6885621078999034,1.757092491722787,1.7946367755857189,1.6480805083577006,1.5842116052644837,1.6674533799417954,1.7396605232055604,1.6801059302512868,1.6720141412286615,1.606446302096062,1.6739437609317163,1.7379075552509842,1.688519681215261,1.6952801308812564,1.5372779773496958,1.7844968285879172,1.7846092043138047
311,2.011732627199302,2.077575747085559,1.917281359334158,1.9794659976252538,1.8988784763044224,1.8784745554491238,2.1100584775693507,1.8549542584132541,2.0034067655627332,1.8930772192736267,1.8245850907272683,2.013645233043741,1.895332459490854,2.0045445003158795,1.9746573080461831,2.010303785582487,2.0625821496563344,2.2176706419061887,1.987405491602697,2.181532521854094,1.9892028991472053,1.9893551307766955,1.9631004215171153,1.9905867250497007,2.050322681415892,2.0012923758429997,1.9449575846983982,1.9035715775107178,1.9423707093739324,2.0825529535277205,2.0017621015925817,2.0769744218487585,2.1986582569209414,1.9270592366781134,2.1942650922360682,2.07663208122932,2.001737263587147,1.9067498149002988,1.987881895070684,2.1654217890454888,1.9695312032459817,2.003909738882427,1.9356252610128415,1.9578477618302434,2.0271822399361037,1.987730530066953,2.063072647478049,1.9795672869694165,2.028920304128331,2.0660532241706857
312,1.8452302750865277,2.007891682488007,1.912757181706512,1.8676997547350602,1.838266246720102,1.9350726925300252,1.949801489633197,1.8957611480327348,1.8520900337758643,1.8454044114504091,1.8662703262943534,1.944682616861086,1.930470879636613,1.9435173797232084,1.8639364212739995,1.9592571135958599,1.892202625732672,1.847654634197169,1.8360788222110482,1.7572855056680385,1.9728578989425056,1.93912430148385,1.8259784492386735,1.888238020934617,1.923429863038292,2.0008981311681007,1.8122307644420932,1.9181600893779915,1.917231146538228,1.9443926049448796,1.9271382500927459,1.8868760082350207,1.9128688725209013,1.8835573581749276,1.8544216806972802,1.8941954572608033,1.7986055732388353,1.846259161796267,1.8799959779312663,1.8178579247277522,1.8321837726066263,1.8549807315379905,1.8809247638385038,1.8613631372653536,1.8886182045802897,1.878284341584083,1.9836146859913146,1.8114861322964364,1.919869849629233,1.9652020864774293
313,2.6748377739133105,2.162522351629029,2.1804624781663513,2.1756341089921953,2.1851806932791025,1.9998077945492732,2.068982132130113,2.1228946304209213,2.2329999320072487,2.0100412141994655,2.179466503642457,2.1147603067763083,2.1468315293896465,2.140522209022299,2.1990470356412546,2.714185479906149,2.5432883085923477,2.155230345770004,2.5406049083067757,2.0145058669914953,2.3243196744740473,2.1683983788798606,2.2883233756589707,2.172712546928736,2.0962906544812547,2.536718189279515,2.5510437772171066,2.1807082057484264,2.1493377866758325,2.0364104481265652,2.677710077401521,1.95145368155411,2.0926812989042993,2.1411978180703968,2.034656719241049,2.1645024263375987,2.1407520703804286,2.1486672876643667,2.1630142462660586,2.18108773952563,2.1662961157388496,2.5507291668291625,2.1022309414385134,2.187913816695721,2.1434911378670947,2.3973494637702197,2.195467505697623,2.102483791289902,2.1594989478282756,2.1030934711228984
314,2.3943207276579557,2.3110796712944683,2.2190606130028545,2.4862384023471655,2.3331855787299984,2.2923676290319235,2.4349987986230914,2.403308115242739,2.329904923245766,2.3472699149706955,2.1732062936889913,2.437429481629401,2.39385998374218,2.4431950388157055,2.347670037725635,2.5996872239094806,2.3030874003323696,2.5566631111506695,2.162017817569591,2.322359295717474,2.3608798629466605,2.3026613536105778,2.4649173625741643,2.4897094611164157,2.3062071531186916,2.389163901043652,2.2640956103108603,2.2389235120390474,2.2339765086815557,2.3481352827220676,2.547088894252532,2.245927665099458,2.3242366547545217,2.2749272735497126,2.5030667995413256,2.335488447328439,2.244611123037469,2.3320884421160706,2.2813751611114155,2.4812533195749005,2.2799141719617886,2.3097779608256594,2.5524413495768563,2.188588356059567,2.3347364381864484,2.4075919703141384,2.388050192187718,2.243189568529843,2.568632784085296,2.4915736583211388
315,2.0125771088722306,1.8262728366202134,2.1966038967901493,2.003327717808213,1.8338472042989569,1.9025089831559354,2.041500829314506,1.8645335053329002,2.0550596467258684,1.962231090651187,1.9691785486135078,1.964958041211803,1.6777122242277507,2.001559612479431,1.5574054460396045,2.0483542160321395,1.8076594607360192,2.1435993059324425,1.709838238798202,1.8641595008926473,1.859210263901577,2.0400001532519347,1.9301739938288627,1.9954473367597494,1.9674420791372285,2.0584688811193548,1.990578557944743,1.8286851867581824,2.1405051007981593,2.139526062561694,2.166167635920994,1.843958103605523,1.97092832771121,1.8125064111958942,2.104531143514208,1.8527828945876905,1.8578556213471362,2.031425188038842,1.909793345553565,1.9791829492768533,1.8670235560073323,1.907113137761188,1.9903228398181305,1.9028803169073978,1.9812411482546413,2.1707702453366213,1.8793902511871527,1.8499751445257822,1.9526608830905179,2.1847596941151366
316,3.1510083048402144,3.2319329766639644,3.036062706093631,2.9099111801963353,2.7183149520880736,3.05531164267709,3.0016639521176884,2.9900331218382554,3.0917343074232324,2.6836926625545523,2.9109179937530816,2.6815058953303677,2.57167429600835,2.970158425846315,3.070058115067461,3.111503082912794,3.1119747800272206,2.7197791707038093,2.8893024831687484,3.0919375854753426,2.86558410505691,3.03473532661355,3.119985720118148,2.9685598075387496,2.489442400072342,3.0901997204898786,2.887195535093346,2.9970295840162446,2.829376528451924,3.018974906554279,3.1021767932468176,3.043464959953396,3.0353157539672324,3.0609244783173892,3.0411165328664467,3.008060851028727,2.6885845107036808,2.9855870628279515,3.306313635850108,2.8972996186342357,2.954613392388236,2.5855739206626787,3.0029255736789224,2.9563092025042454,3.0805811518162933,3.2213959586972134,3.003114878197053,3.0471078447804434,2.912125292758457,3.1014828872515636
317,2.662736120512341,2.5742340903893766,2.698027027154531,2.6351960809799397,2.447948839614165,2.345824067284834,2.6105854277412543,2.5854306782936796,2.668136956605384,2.5384293062595056,2.548673151188942,2.569364742704545,2.1892613590312875,2.6791409623884004,2.1834829574992387,2.5390143566475665,2.563509007097718,2.7504198201656305,2.4428848178708265,2.4934485206978714,2.6040185856681024,2.6982735583853277,2.6550612054764944,2.601071031274518,2.619572163316988,2.703369034295023,2.6259366962371065,2.4838639940836345,2.6997010428193047,2.692419993322673,2.7999854903770665,2.5561264828634833,2.6371825873439185,2.4303549106629845,2.624348976128518,2.488748621289627,2.4222824510777325,2.6391600875428782,2.6265421435594574,2.606160025824746,2.474362748129103,2.4510954117902415,2.624012007555951,2.559360246766447,2.4696972463764464,2.7059552046016844,2.517082141128975,2.4757118208932862,2.5815606891083593,2.7708233886009435
318,2.2271035486345747,2.208634868152301,2.105755826311068,2.349921403286012,2.1471028699815946,2.0842979522430634,2.206051778830714,2.307802347680283,2.2088678511051665,2.2790050396688493,1.988527687871306,2.2763754987422793,1.9991016065357963,2.3494532401032187,1.9134915186521084,2.2515573497363173,2.2307171631974754,2.396650960055429,2.001599129032641,2.1466235566966443,2.2308081195555616,2.220810233250968,2.36991142765668,2.289113412748126,2.16673854254282,2.2078122137547043,2.1951738756822525,2.0738827464631804,2.1918591035397066,2.1888082880375213,2.349215874294325,2.093416000531402,2.239793115710089,2.11009072334452,2.1704136793248745,2.173390577553011,2.1547257042716366,2.130089678221484,2.1624780874465754,2.2957767010143835,2.1147346164501926,1.987140418086092,2.3739618363094053,2.0762137138639574,2.10100339785593,2.194246248632984,2.178995307943131,2.020723581460972,2.2953149255596683,2.2778100135375414
319,2.3478385989968302,2.212944404190436,2.324518642680502,2.5107765208264325,2.1742490722277825,2.332776662317489,2.4401209857767885,2.2719075351427485,2.5055853404626447,2.4570998956765453,2.3713490861772613,2.4554054207998455,2.3576448168456814,2.3511846191236643,2.437126094123826,2.3506415359029376,2.438512388541593,2.2867552933483015,2.2101138435294168,2.3941984793238493,2.4011709372068477,2.3909873711981184,2.446294885662043,2.4553457740880074,2.4464801615361935,2.2004220718817535,2.5068962287696657,2.1560402931410714,2.3421720096544476,2.193857634176098,2.3963455575091315,2.374782064555621,2.5703250318912474,2.4495598162891064,2.270782535810568,2.1009145552888935,2.451985696912149,2.2988783425294272,2.401282824674503,2.343686778150424,2.4951568411711307,2.2146248901566743,2.262144098071266,2.344553699399553,2.377122578110363,2.3623027471536124,2.249965241691177,2.435890288351592,2.4186984133831197,2.386526958324204
320,2.552531356380213,2.511265902975212,2.411889537181189,2.5517049233422817,2.5573956026329734,2.5464026745698867,2.857436136781997,2.3988101883588486,2.5229736249974883,2.601751174628694,2.5360852124119315,2.56290630711616,2.3652547134086532,2.6148362289159826,2.5379895115940023,2.5817392809838307,2.67654073333986,2.400051810878404,2.4870337179310855,2.8906842996609026,2.343244301038858,2.410947950179313,2.572020943668023,2.5756276969055696,2.4998144684462105,2.5064247248591682,2.510166888860766,2.54970040496044,2.370809692596417,2.8299195619699784,2.59282851354782,2.746315933886505,2.6489274756357624,2.410020837025878,2.810239849991344,2.6116750710651715,2.5015492861823647,2.29832989551252,2.373141801526618,2.6460329876992876,2.4380090380421464,2.431042537032006,2.5011449827148122,2.2991433678901214,2.7773253705395966,2.6735737593766675,2.812910039054074,2.804342944613481,2.583817814433985,2.749538647657346
321,2.2948832353427573,2.2313807553318634,2.164180608898473,2.2496928795680127,2.160761338905063,2.105321324194989,2.122335627553266,2.1453584115088162,2.258621471905723,2.229581004579782,2.167726725688329,2.241294911293381,2.1521394005310874,2.3405804378838724,2.15833627629587,2.198209148798,2.22610030302641,2.021100621674202,2.127627538710538,2.1505715268901913,2.2566688876677503,2.201614782326068,2.1881646630486773,2.2472052384211763,2.187367730106253,2.138770842858495,2.2806185085419237,2.202599165736446,2.1899012949939447,2.1844612575142683,2.2827680535378363,2.1899697003890104,2.3202705940113475,2.2086996530922534,2.185086658696388,2.157966511527304,2.088109294464533,2.114680393926953,2.2147564717486574,2.0739037582949766,2.2678072594436642,2.2142021435465224,2.0665973657070005,2.195917261093504,2.041630116918988,2.2287908945042814,2.1894919788177063,2.1759387337576968,2.235720668106459,2.277659961529011
322,2.598318961860999,2.5720220856672746,2.427230998041951,2.5817250310599498,2.6012955034380965,2.6243116522836027,2.917861541826218,2.437948447692227,2.573759566769845,2.6806310789925716,2.6043502429313854,2.5950012122372215,2.3873494714457717,2.6526154343431783,2.6110141068741015,2.625944020753492,2.7314403630279833,2.4042717892389387,2.557962102082076,2.93589798835648,2.409145550965045,2.437999314634493,2.6476822608727675,2.627939323696827,2.4960802387427927,2.5705646400093247,2.542555359194079,2.651414066188849,2.408097774335058,2.8813825055823994,2.65545282067328,2.7670569795589586,2.697903283474755,2.4621619046043253,2.8625475626205343,2.6226270215823213,2.557019069882239,2.3008024329911585,2.3866027296902015,2.6836108671090546,2.4565102925469198,2.46115818528458,2.5259273713859036,2.3022549192401174,2.8320253385853515,2.694475886590439,2.8689725211682955,2.8304890353058365,2.6430101872059453,2.7920748227543193
323,2.795141218769934,2.871997365519822,2.884759526337483,2.835209179849038,2.832003402360865,2.6931308324992056,2.746898961827937,2.671044347943585,2.8059920389138213,2.744586756273094,2.8317736427008002,2.680999945570772,2.6560896322596106,2.886493563216052,2.6557617171854506,2.8593837396639152,2.8807023473282776,2.8967261930878134,2.7942058970897854,2.8610048781842945,2.840206213988605,2.9210091370199986,2.831618291280579,2.846212542685926,2.9009298092463602,2.938924471861765,2.8898661443171445,2.8732935003565103,2.981730154005147,2.8014770519535754,2.8760877482205096,2.9171904143232155,2.949648556894971,2.7717574810757863,2.8205963133143337,2.8886434894782855,2.8673697372713898,2.7148355373454063,2.927027729262063,2.8519059050145783,2.728890364539957,2.7768804472695408,2.7607861260159403,2.950056497028113,2.8043978654670703,2.8125830887510244,2.852336516159461,2.7497470657290055,2.82384177520146,3.0145521269458815
324,2.2830857953503942,2.2752683358321395,2.28271255830634,2.2562662045116113,2.318531696809381,2.283321130167577,2.24691371050303,2.268250250755383,1.4727081293568227,2.2326821194591293,2.259703244100441,1.1901382557132365,2.3750055309364573,2.3217876795541397,2.2664856712796153,2.3088614980324147,2.2579478239618673,2.291768897466169,2.2890235540260555,2.2657480922434043,2.2792107648075906,2.256309587545527,2.25492593563298,2.2181255061544753,2.343232103946601,2.2976700784518798,1.860339162956803,2.174591144292595,2.2629846716684123,2.220937080254263,2.291767423466313,2.2608096454513493,2.2937941077204247,1.472317193741861,2.2742199819771356,1.73986682962067,2.335006477064831,1.6274728634731765,2.288121763049862,1.7398194764252546,2.2401355001047243,2.3059256453189647,2.2543465735552743,2.198604390176256,2.3644203814809734,1.5181049733661238,2.3600542727825182,2.3092732144346853,1.5572766723141171,2.3075018187938685
325,2.5920430008501434,2.5673272450149103,2.663299381195987,2.415586587966832,2.5054031742173812,2.474313481871743,2.648855268238199,2.523076960336738,2.4406553812453033,2.531640155009722,2.447113915140548,2.4089973909913036,2.379467834260698,2.479718193927738,2.2415677825799882,2.54202108818874,2.593917811529195,2.2623891518613637,2.4575986156903067,2.629021785834155,2.5605114560170463,2.5180386116927327,2.612069407626023,2.658337673524457,2.460577656251605,2.349244077166869,2.5056916997033447,2.502024101167855,2.4669223685144015,2.589802029211242,2.64923944059132,2.467283068962992,2.4639591141411863,2.5759517474209304,2.586740688457443,2.6586728545113605,2.5998939796529044,2.2934845246494078,2.581925479115519,2.459850256121972,2.5066216897793154,2.5494889803593246,2.47026591435268,2.661823056223941,2.431582847013914,2.685345484874059,2.6011182393698817,2.544414182886193,2.4777466563969015,2.527087131876371
326,2.2134503139280497,2.1080017922884764,2.062817822172267,2.1073397955021917,2.010394991713202,2.115489823455597,2.099534101209823,2.1811219945678837,2.1046506624571286,2.111029994258212,2.240140859223107,2.0589433771615635,2.0305455407553996,2.111011425242692,2.1836230310324627,2.491631639215356,2.1638919419730094,2.0499307592956804,2.2093790386697947,2.0234237011004836,2.1531637465982794,2.0364657873255236,2.1877351108855807,2.089480409030565,2.0263606780369585,2.275569847604981,2.203169007461149,2.1241562011944657,1.9930013995916513,2.101618563784104,2.115729231040989,1.8819531959241491,1.9467569667582545,1.850469692698507,2.1849287298359172,2.0983892836366422,2.088461535510019,2.0738465718307246,2.034798435030458,2.072241326032483,2.106691579976065,2.1878096900721378,1.9993228962003897,2.089815753495003,2.1083521143398265,2.0182733821541996,2.0530243368606165,2.043623223819554,2.0766613769116695,2.0736421835869443
327,2.337082408940624,2.3447194867682004,2.2491565943828356,2.306884109511932,2.280779742285521,2.0290885574006836,2.001383506080261,2.2519520393697636,2.2683748824495105,2.343051720939237,2.2651573255730426,2.285775291344552,2.261220200046875,2.3823972092500654,2.2116746537501903,2.264530614795632,2.2620185587504835,1.950190435565025,2.0836435994898874,2.207390588275153,2.3042496894192883,2.2822279691794094,2.2811260663064816,2.288970755070118,2.2537235324121934,2.2328116519794,2.3099771630874226,2.291868432461058,2.2565139678618973,2.2575025594006064,2.3027395198999816,2.2865057159941333,2.3583578725648735,2.234024115419782,2.246248248417146,2.2480135085480235,2.009668515961957,2.064860323994779,2.2835299777965012,2.041992665788264,2.3582677271296717,2.3208247905567347,2.087176342629405,2.2379402724262683,2.0602743832900714,2.23513309240685,2.250952962653887,2.2357768227386945,2.3088530165816423,2.37154921555004
328,1.9156456818814345,1.799557740003607,1.795176630773721,1.7965676305416824,1.8060112256555971,1.8337295475917195,1.8176881960855606,1.7343742092754555,1.6304319035331591,1.8580472256497815,1.848086415990015,1.8495242320125147,1.814899304615401,1.83380278678319,1.8424585553557975,1.7877708360018207,1.8429459429248594,1.844980293094788,1.8605809979580314,1.833799896960433,1.8703553088512272,1.6253155420472698,1.872930186801037,1.8072345412965376,1.5737093643355458,1.7729759890106145,1.8019792249267677,1.8166295809297672,1.8632609430772025,1.827374081225036,1.8408451358029225,1.8723615676845569,1.8283827162807107,1.6745290459294164,1.649712839454927,1.7261053041412389,1.8646091684280157,1.870224292350585,1.9080744708158477,1.9347440451119944,1.8927177859730264,1.8104321374532795,1.7780748794194032,1.8697265115817228,1.801844021048037,1.8358813300907602,1.7428129768655038,1.8189234072657747,1.8458268795649708,1.8713392278500383
329,2.26634617965256,1.764133232377075,1.9314688240773101,1.919375557638106,1.9377076487911378,1.8480204360825776,1.8899250859274765,1.8836873956785323,1.7698031173672906,1.8652451879158773,1.8899474833352685,1.880287006459156,1.9062338385064548,1.7906413943027877,1.9212383844594907,2.007005058851533,1.8075431061916438,1.8940214752781874,1.8875158463178447,1.8208282913407254,1.8693827315589973,1.7677486625991978,2.0805374413481594,1.8832015252545506,1.8742196716548136,1.9584204859451617,1.8428807431511913,1.7584955096905386,1.9006306699449373,1.8689232784974221,1.863332499237563,1.9543188968119019,2.204666370988196,1.822421041524092,1.8891155619260616,1.8043096226648405,1.8658488196166396,1.8307424728032657,1.8434881504694784,1.9126768146533912,1.910040067521141,1.8798716993277083,1.880987524263002,1.846895809619375,1.7637632280264377,1.9330038787637434,1.7905855296972133,1.8420095948989488,2.043452565759228,2.246224588254856
330,2.7160656374225036,2.8171701266187803,2.6575915104700236,2.6759312834209252,2.6548635477217335,2.6460322533047442,2.6927083838882337,2.6557162297270898,2.688877604059045,2.548989238251857,2.719393218708218,2.673813715852127,2.6156147963907492,2.540996087104978,2.8063030394994186,2.6099867217426658,2.686545535521468,2.619871708235845,2.7135132650442806,2.6972802500728355,2.703726084912148,2.5325879616157803,2.7323067137522994,2.5304819059725645,2.548682042268304,2.6352320351377205,2.537053309397665,2.709817701780146,2.625339691375203,2.644557413264832,2.4874640648385924,2.720193305127683,2.744249809997049,2.705536348894954,2.6661960312013973,2.652960395822337,2.712652328816265,2.643454041542295,2.7288729713841917,2.6847755032675797,2.699402390002419,2.730403650331505,2.5887762970857295,2.6702989740377774,2.4933371324312237,2.7484799664515016,2.6704437326658867,2.76225623611185,2.7235887001949006,2.704983397499783
331,2.4619242815083133,2.2899997953806395,2.405716269578681,2.4808304105487604,2.249211162786855,2.2515810307914954,2.2094655892198194,2.454803529720005,2.175886296481262,2.285310869155377,2.220735705161143,2.2629183562350086,2.1837873192276414,2.1356633346458294,2.357671991673092,2.211510379312214,2.27197448485253,2.170918365232632,2.3704024851842007,2.2798550521859733,2.31673395709214,2.033151371539976,2.3593748324329624,2.272681872048235,2.2162474849996165,2.257384995252048,2.1868574606508666,2.251916973623482,2.2986014344437047,2.260465202993467,2.2306219404714795,2.2876880329542786,2.3477607440962824,2.13476264061679,2.194178200065007,2.236903358034244,2.3144693800666234,2.252848460020008,2.280117169198095,2.4142005692521042,2.494319217920385,2.352145701753951,2.214240568871233,2.275702408126106,2.084906828792313,2.276555841179833,2.1649017084163145,2.265846175233148,2.334524118951773,2.373620541427968
332,2.6909171020556837,2.7061099515683367,2.6567717878937334,2.65287268751759,2.7336851641240365,2.7646503080710545,2.8845210033096773,2.470679088123344,2.752392740803483,2.645754377692632,2.781485560732339,2.7203180615180838,2.8109155701422495,2.6155380834476825,2.8744580448323775,2.806414252361998,2.765581254384329,2.739350512066567,2.687028941594635,2.65731087092537,2.750668296213801,2.6711345206779207,2.6654871765178605,2.700674125787005,2.661779393032937,2.6591856763641157,2.69730334551412,2.64533515916324,2.6171607238001995,2.63062753790245,2.605835398129358,2.8179541018467518,2.731376961205206,2.768791149382632,2.79726068710376,2.7161060534461736,2.785389897566607,2.5482440291210544,2.624926818484071,2.593998951442913,2.6464764707552035,2.8124563609060758,2.7484229370682574,2.5779538565707414,2.8313559165331537,2.8744756077897153,2.7954971025859656,2.7519185494266454,2.78261479518123,2.8602550896058005
333,2.7234823762179703,2.7218109502215926,2.657824446608654,2.653101519615313,2.741181238405262,2.787789813107641,2.916553424899579,2.4664663268030576,2.7047999627458594,2.680131183405712,2.8450260426854967,2.747987202991638,2.806083526159149,2.596063086443593,2.8410510866248906,2.860889188261023,2.7229853084623414,2.774299114181648,2.703574269009115,2.6880886109221755,2.7338689402364302,2.623901522003326,2.6793178072778208,2.7080616769903685,2.6135976436125397,2.6725125350024825,2.718670185519473,2.5704973598950396,2.621572519760295,2.5971215091490505,2.613944178764248,2.7811385105537223,2.689416753302316,2.7805242025763155,2.7741714833303757,2.735375488990613,2.7830024695877604,2.5533307771590312,2.614702266856992,2.5894120934678746,2.7112083036670214,2.7813392844119456,2.7756216746821956,2.5434659144909384,2.7931265335614697,2.8761596547480703,2.793008543860477,2.746638337529487,2.8176297924895186,2.847282476663704
334,2.046380733582258,2.1553671519276953,1.907958744313298,1.9099420626716341,2.0462271880304996,2.056702701658339,2.097827904572993,1.856933943589086,1.9151124799955852,1.9899307541780349,2.1746692663574767,2.05714895158318,2.15146814212384,2.07382035769617,2.132322066895858,2.043450435574277,2.0425785310496893,2.0887089347627725,2.00775072085154,2.0559564167980477,2.041625727052031,1.9629661647380665,2.142761091887783,1.9119320702181373,1.753181165683813,1.9349225672460104,1.9912779604742,2.0918571382241673,1.9619440337855956,2.0211062115421776,1.9332965141747085,2.054454018865755,2.053718707140993,1.961367831820695,1.9498104566490353,2.0282532353793314,2.089479233229883,2.032095179310474,2.090902906499503,2.021949205086555,2.0084545296939247,2.0129426528852292,2.0067414235528567,2.017623846982402,2.13515449529544,2.039503365579536,2.0927181078058474,2.0722192939885646,2.0663068597638237,2.036145562206343
335,1.6666130876710605,1.6695513610413126,1.6420312950347586,1.5183714984656058,1.6188523077440875,1.6361155557359788,1.6499518536394886,1.4191358808021768,1.4922601407878462,1.6048666167676462,1.7290411647676627,1.6534226938377916,1.6235057417605954,1.6144806410676988,1.635883588633888,1.6126729041885879,1.6565057652190918,1.662873396173799,1.6516571048904538,1.672291250845066,1.6629576999374525,1.4991380646929322,1.7386234032079066,1.5154149917042385,1.2557906018052876,1.6337712257318682,1.630519307875201,1.6710451979520489,1.6196130152968102,1.6154492150458881,1.5942069381071988,1.6852114242831355,1.5605450594192103,1.504475340513995,1.4035722687157808,1.5095770780396016,1.6699575634787904,1.6370944299185801,1.6979978758813599,1.6423530623210194,1.6605493784963095,1.616367109421983,1.501093641882651,1.6713313127418008,1.639368769422962,1.5761996174922546,1.6044718750359532,1.5804196303064515,1.5892275986775903,1.5556535851409024
336,1.9657116173109523,1.6218067923531727,1.7408751035315824,1.600834041929616,1.7062802645753765,1.6179528304288855,1.7004585321138084,1.5556253746673399,1.6443302880146202,1.5911170173488864,1.7313139667611033,1.6414342909177186,1.6910800924971392,1.545035499685655,1.7204619765649518,1.8019501258350292,1.5989344212979635,1.6828911805991424,1.6478071780552188,1.5961518460283006,1.63855264497768,1.6006867879430189,1.892899058985087,1.6023450682957936,1.536168755657247,1.8018104894541107,1.6318898042731664,1.5951071634669862,1.6296362756175728,1.6138399205655007,1.5955498342439665,1.7174643746627716,1.8683245746709787,1.666107235498358,1.620238710305804,1.5582271595847956,1.642815024134181,1.5980815609506411,1.6035445537304849,1.611457643083984,1.6346192649263074,1.656576347055612,1.588594148448923,1.6178201380843351,1.5594226202148338,1.6717199832918679,1.595636688234407,1.590521150263898,1.75338071584655,1.8823570455925065
337,2.317525358870978,2.3293196123154907,2.384569354817142,2.244416392784885,2.197471396196206,2.1928056259925217,2.2222333392136955,2.2282245936612384,2.255019607047614,2.132110263939878,2.247705696551461,2.246251357764173,2.0425720770343023,2.0422524438091356,2.2563977935415096,2.141770188773629,2.24836382448614,2.1448475059197625,2.3170900707543503,2.272470495884675,2.2882873459345063,2.045925328356354,2.3002499513381984,2.1169868313403803,2.021882302376433,2.3012303934353966,2.1383199026465087,2.234842290771983,2.260577110611833,2.2059426623299143,2.0890336649693246,2.292289971306662,2.246735258445952,2.212046393155978,2.1116641338109288,2.104351196357239,2.25798560409178,2.2197960482664776,2.319913779207761,2.2705934933946352,2.3358998349621167,2.3024270097189437,2.058416981555599,2.2830801828484937,1.9582660686203663,2.2318894896908974,2.168271808701455,2.2432956339129317,2.20572508077381,2.1795837955558497
338,2.164366310327252,2.1456608509880972,2.239130113363668,2.185427945927893,2.03705902425099,2.041254245089604,2.0407884053115257,2.1243137176244034,2.043620852317307,2.0192240230099143,2.0861070270172917,2.052657122396962,1.9524681723685182,1.9079235886477743,2.150943994769708,2.0174991906993256,2.0879453454814323,1.9698523098758125,2.1401544751978463,2.0971527855532264,2.09892551810265,1.8915494414239227,2.2017647364922492,2.00497340478141,1.8929534769987235,2.1071433722969584,2.0083104178973583,2.0930409073683265,2.028589011567636,2.0098997369496976,1.9596211805105312,2.080846309044766,2.0542963784318324,1.9998144564058151,1.9455587594417594,2.0115625463098503,2.1055936497035335,2.0140135761236184,2.0669432448129212,2.109586495566697,2.2238885176499537,2.1510506674344008,1.9320285132641146,2.0774056171527775,1.9226432465781471,2.013769475604144,1.988319891275157,2.020523322160214,2.0638255195288586,2.0400423216529457
339,2.3033387523679396,2.160610776119401,2.288581610164872,2.185056912187571,2.232117350814172,2.2937909546432107,2.324109276934264,2.0296388375903405,2.2103706056155623,2.1768555002868117,2.317328478805895,2.270419794636929,2.163490225456923,2.1015688571351436,2.225350534568113,2.349368962766972,2.1699427646119336,2.204454613815857,2.240388686912004,2.1897598718594065,2.2239631663869304,2.047241136857897,2.227725419562942,2.2349717263140256,2.082979052617919,2.3116268467672256,2.249559971336887,2.0881980745623565,2.2241240056256544,2.1318741060270145,2.206950632525137,2.3046562196646967,2.173262108446737,2.1948958329504595,2.2699586972823873,2.17486409573568,2.2878359968229027,2.1085572286638055,2.174684280204901,2.1418378142955135,2.230127108328592,2.3597242416099906,2.2147516375776206,2.1149256450148686,2.2352806848876057,2.3087869829611773,2.2881481679241453,2.1730656862910953,2.3057291875071586,2.2571473398547184
340,2.555784232019625,2.624824467922613,2.5032966499637563,2.613339075062772,2.492889440117771,2.484135129996077,2.509619833778574,2.5430176690573383,2.4680131714601776,2.428487733676959,2.553065086636616,2.4808666865971762,2.5201490333965,2.4026956021374275,2.7001324342776396,2.4729378770958306,2.5275619942903216,2.4455559825985915,2.534718304046347,2.5230993562737893,2.508476067597549,2.3726620948645163,2.6306777214813977,2.4155068354550906,2.4123854780024665,2.4390737607173882,2.406253053756891,2.569033331707665,2.396712176251263,2.4483714629616777,2.3511487645850906,2.5153396908686467,2.5350709117280648,2.490744714517769,2.4933875183910352,2.5459848801182883,2.5512034465627265,2.435504148278987,2.4646602614216606,2.522909258683357,2.5814140427753323,2.5741859067267807,2.4538051429904044,2.4620622622547454,2.4444090789299757,2.529643290195946,2.481846673005597,2.5403483589703697,2.576417032549559,2.566763215005585
341,2.611341916407132,2.636780331214432,2.8256592002173804,2.5756292837479906,2.5470595523233746,2.5673116900535238,2.674719371512924,2.5824377168039265,2.7210271694686323,2.5546772252631555,2.5897146328587732,2.6739633360329407,2.487032564290298,2.5075014527463155,2.521186159511794,2.4683913493756533,2.6839655024272924,2.3628567748757137,2.538146012190193,2.475116446018961,2.683902808562486,2.590693716020292,2.6270358024092832,2.5823791552756745,2.518572059111918,2.8181918157335692,2.549645762935528,2.6129587745835856,2.7127972031753256,2.60338327357089,2.562148572694232,2.612081350118153,2.53969631029379,2.425869980286457,2.620572677177469,2.467410633356298,2.511599043047302,2.613731754088274,2.631136077527798,2.5976164687340617,2.6132726557234705,2.707224609730938,2.473537985654069,2.5627485207786993,2.5011069900152645,2.56221245776809,2.5830925404860436,2.5558677056267998,2.5357103266263383,2.4709658455611
342,1.6456266461244287,1.8874033429762882,1.6570212790599665,1.5580094190147102,1.6415720763899966,1.6269713625415503,1.5347047354550725,1.870158473573235,1.5970452883576867,1.7267577104856375,1.5418100733488231,1.5659470596989369,1.6202689879136436,1.7330391301630108,1.640489465448753,1.6835842717909983,1.669560023496624,1.578630481750234,1.6005117735921388,1.7017406526275058,1.6317789721985196,1.6804815232824453,1.975945440085713,1.6754486273449327,1.5610655820765338,1.695169875953459,1.6583261436067493,1.702248009579451,1.5845548397858362,1.7176539529782227,1.589655765923622,1.645380767145749,1.8159339053532797,1.7508298364413708,1.6005998353320212,1.705534550894198,1.6614356586868126,1.7753351739479744,1.8302691407217826,1.7064149060391332,1.594792130781233,1.6132990901217195,1.6358378890237901,1.6963284830894887,1.786174677070683,1.6210177528738638,1.8430607745644565,1.6505931413394297,1.6272471952093248,1.6481143098631978
343,2.44566565517177,2.6469096641016074,2.566193728983402,2.4585176040032244,2.4505111733539806,2.3304197483033144,2.1911663381245123,2.6449389933024117,2.404060273469244,2.393828226646675,2.2496689595222836,2.3302383554841626,2.207390884846088,2.2879221144424697,2.508687183621051,2.4405037501224407,2.519092823159715,2.229554527503905,2.4961197929188224,2.4987219588038894,2.4318558090858975,2.3770126378926175,2.611807842674345,2.42201570495191,2.450598487856954,2.4578730614299893,2.3958169869353703,2.4516340033705237,2.392149741270809,2.5170202999604787,2.399522491648158,2.516632464513906,2.6399084004863447,2.586833523539024,2.4733132803929827,2.4936282599164787,2.394103541844157,2.4703796579664417,2.609240957278722,2.485150765270447,2.4198085844561206,2.510783737267518,2.3189874819469303,2.5880401458424593,2.3476997825862718,2.4895214317358825,2.5492512936906415,2.4941676945500038,2.4022857282280965,2.4553351775523886
344,2.581774232268197,2.6142447539471725,2.5157659146791342,2.5623158615574875,2.4832958102918354,2.425537314404033,2.318266664563059,2.604992315683767,2.4782409380233617,2.463275263464734,2.350343991399356,2.4508083642223415,2.487930911919226,2.347664715288368,2.5159672030985902,2.415004173512174,2.453411397896435,2.5116407836239993,2.5155557255540835,2.311420959494167,2.4680187251420005,2.207978144454472,2.330535531951094,2.49074069860127,2.4830205058023793,2.5388382729419146,2.411288984418843,2.4591604285080226,2.5630719459890487,2.473666924191767,2.43506738083922,2.4759365815128387,2.5615241021853254,2.5530555672077178,2.4854237288977323,2.441026826120966,2.412826054192477,2.513070685156631,2.616017206990593,2.600106746922685,2.518516521141539,2.5153974211691814,2.379819742095407,2.549166939767715,2.171864169547071,2.515813944418178,2.5029516042725577,2.529358384461614,2.4439250326448683,2.4602804464951333
345,1.4958895892688586,1.5169335045371994,1.4547878096298845,1.392590639694963,1.4528741882450138,1.4561783349281843,1.3813277005575797,1.4784716093502603,1.317554367490387,1.5378611636971176,1.3649179428703677,1.4268908046364555,1.449149899823273,1.3626106969185683,1.4126479841551127,1.46676946913772,1.5165512318114107,1.341239360199701,1.3846607756299534,1.4593337021854413,1.4389052559122124,1.2671627518013597,1.590303041422377,1.4221934195779244,1.1464593054003664,1.4696068645394877,1.3750797581930359,1.3923613600046387,1.5282574772322484,1.4255350853497037,1.4574934067825005,1.4411263615833896,1.492505660452709,1.482024130179047,1.2035676296009061,1.455294880283871,1.4668705118441445,1.4705771998350992,1.5649252774822942,1.4901625185757368,1.470868409469059,1.355890226113468,1.2867684488455033,1.4618729885450321,1.368790981961098,1.4027583105776866,1.441317842294028,1.3477923285568414,1.3539154179198452,1.3370686008289212
346,2.2422454715459406,2.2443562449829297,2.300692364733669,2.2023453143542753,2.1528538076250765,2.088401344421439,1.996258082555828,2.300205051380189,2.1117094003948456,2.135706153997287,1.9988558099153535,2.1150942224455473,1.948948287884373,1.8387156852649076,2.132836558457763,2.1217631282971334,2.218962702186846,1.8833936589751028,2.1686722460403836,2.1547429180645503,2.1411485234717205,1.888475564929303,2.2048910516730302,2.0971774178394895,1.9615184571716746,2.1845533983889407,1.987432475923351,2.042727709211089,2.2872536306067337,2.1306772866596737,2.1015042255775533,2.165921539146421,2.2712001173093928,2.2346102720516363,1.993567494002848,2.1473411120517163,2.135352429867006,2.109989339329612,2.2808754935781614,2.198758893694775,2.2376337643403836,2.1458546595495775,1.8882845954177228,2.2033170093160184,1.7976030597498482,2.1536751025043435,2.094339712767934,2.0974448775056933,2.035916201787783,2.0357822091250846
347,2.4624727590591924,2.7215643589761678,2.5321740843112153,2.5478363062790788,2.5590391532839947,2.6163342027842336,2.672186177327921,2.5210031848555987,2.5559373907964176,2.5605035088823307,2.4744358270972695,2.5297818557648,2.566383542756284,2.4963596022311285,2.6163920716776428,2.7907610200640467,2.703738164048006,2.479894967669585,2.5395893888153296,2.5137792064816757,2.596156081734975,2.475314550136016,2.5140844816732937,2.638656517805261,2.5143124285398333,2.554841441167861,2.553972666963941,2.4251434023443235,2.4963642659103518,2.5371540765203715,2.5831531087891815,2.555777449332316,2.5371712936926007,2.682786010069192,2.611274649896438,2.5788331152271073,2.61609853904758,2.4882874383241447,2.5108327955362073,2.4980138132128378,2.488316614543411,2.5762989893088193,2.5529631152289216,2.3996369122200707,2.5933688397169945,2.634368131458237,2.576954347806806,2.463328366284287,2.591872455317332,2.626315657432439
348,2.581315297538179,2.300294065381829,2.462382976806481,2.4948965840521202,2.4671334125415973,2.498871666500871,2.4711564789869893,2.365993354142831,2.399144580754516,2.423537787310856,2.439757324749884,2.4849422299121002,2.393764725942822,2.376909745008529,2.4651619418475517,2.505935076073489,2.4125012731329782,2.384414321258477,2.4549832707227477,2.391037692695038,2.47991248200995,2.269895492366084,2.4157854260178073,2.5026736330621073,2.478990313246168,2.4574445664447797,2.4392688688792976,2.3299860317673495,2.4929338870513007,2.4352593731108154,2.479022386181448,2.5996204636456053,2.559533201359102,2.3581967227119254,2.581674930365332,2.4152092276490063,2.506995420006759,2.3258329844314183,2.438983373665148,2.44255528786573,2.445725489483415,2.6350287208081404,2.474850526776777,2.379715082545985,2.5018533359117754,2.5740482440234036,2.5064651578227197,2.429990561842234,2.5644835260765673,2.648719816232937
349,2.358638487129765,2.1521176428084914,2.0794407033083075,2.0614120565179377,2.194514278324042,2.0983511552064176,2.250157227580912,1.9944394876605456,2.0987014019308745,2.057292894127251,2.2414289312335502,2.0946896594148683,2.3064935401512807,2.042399469340275,2.315890423156821,2.3048413581286473,2.1119921502614583,2.2160258429524102,2.0868567968381164,2.069484780890983,2.1086847132792492,2.1505273984829376,2.318534126345625,2.0470436625234374,2.0565485894108164,2.1663441014762395,2.066519865289822,2.0718420369259825,2.0165212234987973,2.0688382524514615,1.9854572572642546,2.1676144778955564,2.375986805195568,2.2288977003276687,2.1274110722511708,2.1073628348454143,2.106604275544549,2.032747583459221,2.025629979778097,2.0409579561260998,2.0734954623323425,2.0763435838489883,2.132930118457274,2.021078367753553,2.099739021441044,2.22340224748912,2.103110094533225,2.1402234116503296,2.250070476071734,2.45356982431562
350,2.9581631440876084,3.0484986678009403,3.0491692809768747,2.9487085108608255,2.953305990414032,2.9617775509863615,3.0893890824597454,2.95889376101078,3.095823272076127,2.911450941135647,3.010223104822,3.051507985831936,2.9991867384368445,2.9385966161000274,3.012709225611724,2.8778780216278275,3.061837540357259,2.786808189156222,2.8889961399276736,2.8632814115549374,3.0337881765882706,3.0165792459316734,3.000421947833848,2.948060782685751,2.9849606126721113,3.086386755590154,2.9048879609132054,3.0350452614940338,3.0353466171975807,2.9922017702684744,2.9066850542623666,2.9972180908290227,2.975054104020902,2.8702673230891342,3.1114241139118723,2.9517890970060865,2.9306814542073614,2.973853554756298,2.973998846629528,2.9706735056703266,2.921185956618576,3.0910574163391864,2.9309606712573775,2.905255706274339,2.9612391633060415,3.0183543094210563,3.018349616119166,3.0322733397636537,3.0023366482600764,2.9406169073463655
351,2.2919446103425907,2.1748064734779735,2.3022543317589985,2.2039786602459195,2.2422537379290883,2.2903127982285754,2.3105029306310634,2.0543901003894045,2.2835985687743694,2.1652666279281734,2.276564248655921,2.2589562162035577,2.1960118311322656,2.142386488149731,2.281441861943023,2.3195649605659554,2.2327976362115534,2.18544114314067,2.242495792815138,2.169694532499638,2.2671891402495774,2.1125794338622494,2.233262565571673,2.2443222969064873,2.151675505362192,2.31399371535365,2.242057024243012,2.181293806577788,2.234825253862141,2.1775882265464137,2.2142102787216142,2.3569762782290287,2.2401636316891906,2.205990624637897,2.3172346838696596,2.1800023069798424,2.310087890457818,2.120087228143422,2.2103203380816936,2.1608491722120515,2.1838934755842203,2.4109874150097887,2.209025403596293,2.1657386953837436,2.2975475898234334,2.326018918125124,2.3197119433742763,2.1963510493496203,2.287945097810386,2.2895029664959843
352,2.549566117422672,2.601717461969937,2.596879329284908,2.6262168914155852,2.4854886556859563,2.311032393264293,2.1555862903891505,2.80517947715622,2.3326676797546604,2.623372864392091,2.1638230683824418,2.4231226180754906,2.3457987110547016,2.3049438367660233,2.4861888133138903,2.3150729653720035,2.492561655184516,2.4061952913266147,2.5752112524107886,2.4345920701094936,2.4580046871608943,2.2480584754197963,2.469385641405964,2.65027757284731,2.4687266536615127,2.674154718542166,2.4534216982177903,2.52888990639452,2.6821319816354867,2.49528013768854,2.506725224423178,2.5193791071559914,2.5916394053455587,2.612539939406018,2.4717427891309303,2.43284737422065,2.3485582797833224,2.54877134569829,2.588612024460686,2.6841518508311975,2.6013932093925902,2.5183629223925834,2.3062449960839935,2.5940603150871606,2.115109676873118,2.499205914538176,2.4475061682830006,2.468330291065893,2.379843829288445,2.4513385225811746
353,2.5919155960440614,2.5980877486663636,2.5245375536526886,2.584671752481107,2.5922772143280186,2.641443486465492,2.6290117779981177,2.4698344768147655,2.5688972842073614,2.5795987501694437,2.521418480668049,2.6067989793219057,2.6996418465189036,2.5581666271193977,2.5786463801718122,2.6904734057651787,2.5502675574036635,2.64373983654645,2.5452864217365807,2.26018000950636,2.5633694324584138,2.238914115159984,2.1925037107120744,2.6346213282722832,2.5548565411378803,2.6063005924150424,2.599024665143361,2.4586385031854316,2.5936479436078077,2.5138547580469277,2.6192714064174503,2.5616330583006874,2.5557797018996764,2.590192892589661,2.641526185259493,2.576474103054741,2.6014119545000467,2.532527809072846,2.5619869340110304,2.54811077204989,2.525065282099078,2.6056538809656793,2.5891875612386688,2.4084802290066816,2.3783878232405513,2.6257621959772353,2.5834367355081405,2.4885269312176908,2.612545699311161,2.63041180183793
354,2.5550699999810726,2.6129118781135157,2.5444701616702137,2.6694930733343236,2.5935800532309115,2.5705661727665388,2.5154386348665927,2.6692726295005027,2.445907606814348,2.7135148353470377,2.3757884514509033,2.6293749738504273,2.589224091805445,2.5797675491853234,2.543295811727144,2.636153180192547,2.580848413900659,2.5486087771042074,2.592658006666385,2.399004085689028,2.5586760198425544,2.28155796816581,2.331666608183628,2.7825460212748574,2.5356871806355166,2.7418599459904502,2.6111590316573956,2.5522081239722585,2.724032947440878,2.551120577298086,2.707565088408858,2.576629751003841,2.560677423932833,2.6200971341576773,2.6940840327316637,2.582671897362273,2.5937842004179705,2.5737712679912246,2.5206076539416653,2.651354539144192,2.5589629120341613,2.6374182320731414,2.5160628982561857,2.4088899678246833,2.339799679368345,2.587809473347602,2.4958693127588845,2.3964805922786434,2.5998167497642504,2.6170379524263474
355,1.6940995121638336,1.7896439550399466,1.6378492110636333,1.6966171842695847,1.629384945582248,1.6030396450602191,1.4804589377441673,1.9853397235600487,1.5243763291514334,1.949240287637327,1.4281801625339055,1.598510320422184,1.7357227250655702,1.7662861521848816,1.6356443438304016,1.5644084045399325,1.6400722676720516,1.7534551791360342,1.6463326490993246,1.6173465751840164,1.6451213033644887,1.530838565100467,1.8168641985863978,1.9080842868598609,1.5702532942463279,1.9073009412175477,1.6829335925143902,1.811072644478708,1.8416059869967318,1.642583306914178,1.6751232617434528,1.6409786527493928,1.6790694199365888,1.8176482765162287,1.5721436888202582,1.6135510563524633,1.6378984736534985,1.8532638878079357,1.7843350722033633,1.9011836686245172,1.7032973799070028,1.6072566413439926,1.6410197213059163,1.682515965523681,1.5520580614915636,1.620385045298225,1.6621258364737166,1.5915775425061556,1.5714478439963093,1.6192779191025153
356,2.8773415165788387,2.7646230460345436,2.967124690409202,2.834744240794245,2.743541544040686,2.755103465717111,2.8176204943836174,2.883694447846656,2.8431395193007862,2.79776459560607,2.7225703269091293,2.8543440300544187,2.7130703535111174,2.716715121037912,2.7077051147599622,2.6421403305380045,2.8444714491844847,2.5392577084852475,2.735355870300433,2.637764051887996,2.886207678163615,2.7241258354700193,2.7744519215906696,2.8293150386432195,2.821522348164173,2.9412520179971153,2.7034821945151117,2.761480917730207,2.970088146334146,2.8491967154408315,2.8166633999811257,2.8140792811209323,2.805840673864113,2.5541947488084684,2.8507363450302847,2.6718145312867954,2.6912369930528186,2.826949382245898,2.8279917709803515,2.8746521548988033,2.8514777145982784,2.8948458595206645,2.7298247177046555,2.736622085839631,2.656027081945723,2.813064931195841,2.743508972650689,2.7771603916811864,2.794678365797389,2.7843865676992348
357,2.609489440298036,2.301331008359665,2.4702035240921205,2.4984706529227747,2.4747848388494873,2.5248775739786335,2.509617547521886,2.3578140992485332,2.339856905543604,2.4568371813013474,2.4859587612319567,2.514555784494366,2.38066732171576,2.3514316184598885,2.424107358530933,2.552101559117662,2.372273391602234,2.4218058404622553,2.473034659062968,2.42746685409612,2.4563024902585013,2.218914526097862,2.4233959208292486,2.515055346436128,2.427954133620961,2.4674209580153867,2.466168794532173,2.25235112865216,2.4964618595414976,2.3967645414548127,2.4896281859063674,2.559210711684658,2.508722524893823,2.3632662600881176,2.556661534398226,2.4271176153888447,2.512057788927886,2.331828726398685,2.419349011032179,2.4450574561579117,2.5110756823706346,2.5995205730435025,2.502951243432541,2.347839404937263,2.4561214252092327,2.5776593181653142,2.4929804066228867,2.4268326531662296,2.5926293226336696,2.6379527618395535
358,1.8090200649622314,1.8707849728977148,1.639540762567247,1.6935331595982457,1.720189839768846,1.7726990318887612,1.671823136997494,1.7982676672330613,1.692917634696646,1.8335898986929422,1.6941552255699726,1.6903192737459705,1.9469467471897604,1.8386996788072834,1.730441209874173,1.746798449920095,1.6768872825109646,1.9094426734547119,1.6688256359351499,1.5643981408867758,1.7123951962003954,1.5502838929054104,1.7106255113225703,1.797084294136189,1.6266958644257947,1.7946522553288293,1.7079419964580431,1.7914815180545265,1.8015465853026078,1.7111558079634936,1.70135382105755,1.6753973927946983,1.7287529045554848,1.7729279411576364,1.6502252163339666,1.6859676833369335,1.741874801544082,1.8410364080280326,1.8835443966064993,1.8561761190807244,1.6991966373912568,1.674183062024337,1.7635255287034575,1.730030541043723,1.681870113147708,1.68900109771974,1.792891124178805,1.720706435146366,1.6802503421498276,1.6851068720610982
359,2.222169827680114,2.154142724246138,2.196058674559673,2.224456190172109,2.2004537904720447,2.2934679342013298,2.22052798446793,2.150341754031916,2.123991878685727,2.193324400835362,2.1427679565334863,2.216341283671051,2.136319160069865,1.9815202288400442,2.1461724157277073,2.406466652172003,2.2217317124539155,1.9772811525307903,2.1336016195963357,2.1122309051902324,2.1761211468177777,1.8942312086119575,2.136342928305046,2.272276187885952,2.0299830475681198,2.261539553410822,2.114906886617656,1.948851451706652,2.2856048231939132,2.0769414049995447,2.2744446376402614,2.1776052297373845,2.187937245835073,2.222344355298384,2.215528598811181,2.2272497912118876,2.27130768701924,2.03663515937472,2.171915658997363,2.1078432658338215,2.142414704608967,2.2777877749570994,2.0773308046721777,1.996119238254277,2.0607630154733245,2.2757670526245137,2.1949990030448916,2.0248813000863377,2.2131218671583266,2.142344296516214
360,2.6106533965986554,2.4750762367003816,2.5535484935571713,2.541271569999191,2.410280827230398,2.404794136788701,2.396865323719924,2.5554842547334635,2.3902674665955264,2.403273693915387,2.380797362846986,2.453329634701813,2.2743961220770186,2.270258616082919,2.4631332874079686,2.3361005793178364,2.433988548600265,2.344360650545041,2.5474863318202026,2.4536745777163826,2.5079779998264993,2.1859097879915677,2.4536128321826567,2.391465563196789,2.3466183677391577,2.452293935432394,2.3173351896050605,2.3956545796561617,2.5302160776238516,2.452293780868696,2.3646193772684967,2.497918999556301,2.5425537728634975,2.353416310840162,2.3607091788313372,2.3287557915351105,2.4681382674244334,2.458489801664806,2.537735917233582,2.5765022769393386,2.6039532188880194,2.503182304926133,2.339596429047919,2.4762007584560735,2.122284072308531,2.4985137022545785,2.3441113661419486,2.489593227427738,2.475633160515855,2.515592795827283
361,0.1394771186624464,0.2853147091454886,0.43624915055570135,0.1884011273431243,0.1332101550650302,0.26650551564977576,0.28540681004915136,0.2850182039335092,0.06738827786654333,0.2569552424130652,0.26853940450926794,0.2484540186342734,0.11782007647929671,0.29898645442475935,0.06861306734041506,0.4409450252216578,0.11986420301651979,0.17585633886185414,0.24572502632282678,0.16398442278324232,0.14096505043481322,0.2380079490397602,0.2181412983687938,0.24941271914994445,-0.009732259591118009,0.23794988759759939,0.17545121144733322,0.15020782639804153,0.584560296465507,0.4102206528380621,0.2912861602870578,0.11181590017670473,0.2945336787457933,0.4005364038057042,0.12257346623080778,0.25752195680398415,0.2865735042546884,0.21265869594454223,0.36538125390219633,0.1720120491232615,0.4684493261730971,0.23630625352322454,0.10648247753091411,0.48489585225116816,0.17752964257224768,0.25411295299306635,0.08712388682951033,0.11439659496860077,0.25050925831984294,0.151307873796501
362,0.8775253507946212,1.0374995806675216,1.3260900674382334,0.9951264099316699,0.8493417174652462,0.9175128027448407,0.9188348369496415,1.1204612930368114,0.8346032595180533,0.8609592498141474,0.9184057591487215,0.949319158435868,0.6188901406730087,0.7883590075440399,0.7987941171721413,1.1359985420502223,0.8294456298633612,0.7260712651482448,1.0706172443313626,0.8703449860934516,0.8519136366786721,0.8771763264031609,0.8297736568049334,0.9244804423725483,0.798146154850329,0.9514280074408923,0.8132265058829731,0.8146966973764194,1.403774791420001,1.154676229110709,0.9524678214605942,0.8448795469542354,1.1087195093083455,1.126913124162007,0.9090630304575145,0.9739771679057938,0.9814177079835282,0.8580989102460439,1.1276353006916686,0.8982628011965801,1.2593349244497851,1.0263633600775321,0.7131604335354353,1.2597541693864072,0.6500823102780835,1.0008279155935562,0.7459926519361835,0.8593396351092091,0.9210874301657146,0.8671464458128639
363,0.8589194523449719,0.916721389106006,1.0869299771559362,1.1362816485116305,0.8681761460432891,1.235754112653261,1.2632435657467411,0.970549675358743,0.8809376075999626,0.9200687293943783,1.1135739069787782,1.1640844270286994,0.8235396631749023,1.0295675569079936,0.8175577423699618,1.4942464738141492,0.8123038801935216,0.8469632252853074,0.9512965029320206,0.8397728693767537,0.8769946490321985,0.8436583861406461,0.7947073382859564,1.2004043757086134,0.8595184835438587,1.0900163544005856,0.8836461093899324,0.7271128395466775,1.4825988014271139,1.0582113277058003,1.2187740331737782,0.8525621770329099,0.9848270510155777,1.0667920004222005,1.24753411697181,1.0051432701998575,1.1983773500561936,0.7980397411555966,0.9741612150504162,0.8162039372630474,1.0753260966238294,1.210264104148811,0.9083253596811929,0.9728268225956089,0.8729790195971185,1.195783110587818,0.8292232688442827,0.7797018838173368,1.2496052828884405,0.9496626188956085
364,1.0970917276004428,0.9692307307386319,1.1685638783991052,1.1445029833040206,1.1919535627992515,0.9672823357269245,1.1313783899742251,1.5063239627841263,1.1004152888961358,1.1700196519130932,1.1463988576933684,1.1395787843051242,1.1310311225719722,1.1058871532311834,0.7858528507889382,1.1063875798049514,1.1358019934341606,1.1485243130380116,1.1142856494237101,1.1290186517814256,1.2151978810900221,1.1057086763518171,1.1147362768372098,1.1301608173144384,1.128838670834682,1.1457404459684017,1.1357735902079318,1.1593898498782025,1.13251689144722,0.9716565735610843,1.1209907806250285,1.152157085670117,1.1565421302999823,1.1427125730065977,1.098202639698595,1.1736578576975756,1.1430843119239622,1.116755208786973,1.1462123707216154,1.175083131232583,1.1205625968035644,0.6079004237187751,1.120932510868343,1.145795388249116,1.088802668914159,0.9962066825270259,0.9557756013740644,1.1016201322972812,1.1559036414439525,1.1276281951417673
365,0.7907116573387567,0.7772285292078305,0.76624675703669,0.7860762509125365,0.8516657325612096,0.7788088175724468,0.7709270572955802,0.784715709965055,0.757190456968095,0.7549127378290912,0.7345747899940135,0.8004453902618289,0.6678606096160324,0.790080958269737,0.5619667204357874,0.7621226359341113,0.764180462597829,0.8226729397530326,0.7933306625523358,0.828361613368946,0.8748021939755279,0.7701800127922933,0.8703852674033605,0.7901637794889567,0.8001016225523632,0.8413324798088144,0.8110883027746203,0.8077244938321586,0.8085924684573165,0.7744044295931767,0.8269876903079112,0.7984156810161656,0.8278276648166276,0.8978754775972106,0.7783669083788993,0.840927741435463,0.8289958152414734,0.8076811002907593,0.8160855637599393,0.7428153713170005,0.8420396012659221,0.7175342265521221,0.7651819469435779,0.8252912928179121,0.7776249417178942,0.863951063234091,0.7723680999831384,0.7213359110579294,0.8018665788164974,0.8788863176719985
366,1.365049170742271,1.3104568119556976,1.4034655228548871,1.4491079782118952,1.2497719313526,1.256868178839456,1.2157188169190682,1.7067470894563233,1.372758803380579,1.391923718319698,1.393102580559935,1.3266244467777435,1.2821081172277626,1.3257126443417668,1.2900037330048963,1.3528821842657646,1.1516177283056832,1.326624301568927,1.3371941572614112,1.3501686631739744,1.3092154071968434,1.3750367297032344,1.34907248875166,1.4000264342862199,1.3425304970654572,1.3972320752662064,1.3476577224045818,1.311725715021785,1.3249102496083283,1.2630832590726513,1.0946553062569482,1.335074750742553,1.355708227097388,1.29803677588907,1.321407736073482,1.4081841372713697,1.3100407422375522,1.3980584027881022,1.3164586668817844,1.3743927347612477,1.343754780360043,0.816785299710566,1.3160573403478502,1.3235120650900143,1.3220738710142204,1.252163154564503,1.295350193903909,1.352839096585713,1.5161407130541864,1.324824468926039
367,1.009484426420915,0.9878170078070347,1.014315302301565,1.0098307396838582,0.7764250252327036,1.0160993758348216,0.7964861462682666,0.9818649513954707,0.9669752419171234,0.9491637711581813,1.1630274875761817,0.9523616397419365,0.6892076388409407,1.0390347282020151,0.976315348426473,0.9001452714033409,0.6914143666782264,0.9819757124160713,0.9970669664442582,0.9506068459747592,1.0052091952115376,0.9684077212407267,1.020996844763424,1.012977292035269,0.9561449581770702,0.9520323463285152,0.9980101709753058,0.9235262267912869,0.9836924574735533,1.0001461391837836,0.8413880371176878,0.9721845548450139,0.9697934988882828,0.9759807679534176,1.011966457323446,0.948551327355986,0.9952588261848554,0.9742919233698224,0.9561247095511387,0.9396218501182894,1.0288547160562906,0.9031199433795507,0.9320974161276787,0.9694148494376886,1.0255393802871007,1.0076406939454596,1.0270060118615252,0.9828647830256299,0.9807659054504825,0.9869850414464096
368,0.8801251989581136,1.449283447163225,0.8529288474443852,0.8590158424626386,1.5479908685280725,0.8862371263876554,0.8831374270331942,1.8511759120824962,0.896018504915089,0.8823428602910575,0.8783838946705032,0.8666248348445738,0.8823505328572665,0.8930025809284441,0.8682793963911415,0.852954582433413,0.8886158946881233,0.8846743228276726,0.8993820824069978,0.8857131744852929,0.9276098486998663,0.8677659718794573,0.8770411819946267,0.8745867136857859,1.4892831856773867,1.3375134146905978,0.883240081236786,0.8956319265833699,0.8769089986414418,0.8862159993045742,0.8645187506107987,0.8804884043756287,1.412463594651033,0.8944904468104764,0.8964531128341271,0.8671669889272877,0.8840935982944362,0.870596250987024,1.5360454707545177,0.9005914710822793,0.8921733814093944,0.8248665678042348,0.8908700972607342,0.8953945704077597,1.6490098492080385,0.8655406778852561,0.8726965554579813,1.6151707231532662,0.8605067954139258,0.8945551497275162
369,1.2110108377610693,1.1671694028705772,1.366182996979333,1.238659696546061,1.294376884084143,1.1271039644542533,1.2239141125649304,1.7415519202469607,1.2105121895830315,1.3313766274240995,1.3803967277886535,1.2183211954305015,1.252126336200046,1.2349675468455743,1.1083635493146566,1.2262878903371224,1.2083683514936405,1.1988013797807584,1.222331765727251,1.2014168508223992,1.393372429247071,1.2085787943972424,1.2234210719032,1.2265160250357834,1.2881954822573718,1.226842386177303,1.20205796092569,1.1980746044923318,1.2279618267558323,1.128714046028655,1.2355608101874953,1.1984790496919304,1.2513311106447684,1.2291722754130368,1.2478885196469989,1.2152861401120258,1.2111896990128095,1.1930095308692437,1.293608551762846,1.357862394168535,1.223668998763749,0.8509301165086933,1.2304253040743909,1.2096844395960646,1.3269451444179268,1.1607470647722344,1.0991778567236459,1.2903782968814,1.2267811985891512,1.2279386427251886
370,0.9047477937940176,0.9474057504999251,0.9213883294653584,0.8986246728582028,0.9602333622561883,0.9100172672783202,0.8614274011230094,0.9820006323885115,0.869012112817428,0.89774827451875,0.9101066846026853,0.8861057719751635,0.7953649570039989,0.8962328539160307,0.8694716067774522,0.8853627000807149,0.8678415606896044,0.8855186360252887,0.8955515537450651,0.9185176771899677,1.0290437027390311,0.8709633867332904,0.9812740392137353,0.8938903477644651,0.9599175094877239,0.9258680372183505,0.873170431393473,0.8282474204950399,0.9012002995545934,0.921192795437598,0.943987994356398,0.8570514232738033,0.9272986908492395,1.0098797610632182,0.9323136389273081,0.8980357631304852,0.8706941915754971,0.8925793373167057,0.9742910207006972,0.9038872176203014,0.933574653087895,0.91485398606833,0.8707028156841936,0.8913305873668396,0.9579047716385833,1.0112413379801624,0.8877965436357158,0.9041963298485767,0.9013876639789125,0.999785626068995
